file,line,type,commit,author,date,time,timezone,datetime,depth,length
style.css,1,css,0d8aca69,TimothyMao,2025-01-08,14:10:18,-08:00,2025-01-08T14:10:18-08:00,0,5
style.css,2,css,0d8aca69,TimothyMao,2025-01-08,14:10:18,-08:00,2025-01-08T14:10:18-08:00,0,44
style.css,3,css,0d8aca69,TimothyMao,2025-01-08,14:10:18,-08:00,2025-01-08T14:10:18-08:00,0,43
style.css,4,css,0d8aca69,TimothyMao,2025-01-08,14:10:18,-08:00,2025-01-08T14:10:18-08:00,0,1
style.css,5,css,0d8aca69,TimothyMao,2025-01-08,14:10:18,-08:00,2025-01-08T14:10:18-08:00,0,24
style.css,6,css,4168e523,TimothyMao,2025-01-13,18:24:56,-08:00,2025-01-13T18:24:56-08:00,0,16
style.css,7,css,4168e523,TimothyMao,2025-01-13,18:24:56,-08:00,2025-01-13T18:24:56-08:00,0,19
style.css,8,css,4168e523,TimothyMao,2025-01-13,18:24:56,-08:00,2025-01-13T18:24:56-08:00,0,15
style.css,9,css,4168e523,TimothyMao,2025-01-13,18:24:56,-08:00,2025-01-13T18:24:56-08:00,0,0
style.css,10,css,6f78fbe3,TimothyMao,2025-01-22,16:50:29,-08:00,2025-01-22T16:50:29-08:00,0,0
style.css,11,css,6f78fbe3,TimothyMao,2025-01-22,16:50:29,-08:00,2025-01-22T16:50:29-08:00,0,32
style.css,12,css,6f78fbe3,TimothyMao,2025-01-22,16:50:29,-08:00,2025-01-22T16:50:29-08:00,0,20
style.css,13,css,6f78fbe3,TimothyMao,2025-01-22,16:50:29,-08:00,2025-01-22T16:50:29-08:00,0,14
style.css,14,css,6f78fbe3,TimothyMao,2025-01-22,16:50:29,-08:00,2025-01-22T16:50:29-08:00,0,0
style.css,15,css,f6e12706,TimothyMao,2025-01-22,16:43:21,-08:00,2025-01-22T16:43:21-08:00,0,0
style.css,16,css,4168e523,TimothyMao,2025-01-13,18:24:56,-08:00,2025-01-13T18:24:56-08:00,0,4
style.css,17,css,c313e45a,TimothyMao,2025-01-22,16:02:39,-08:00,2025-01-22T16:02:39-08:00,0,40
style.css,18,css,4168e523,TimothyMao,2025-01-13,18:24:56,-08:00,2025-01-13T18:24:56-08:00,0,13
style.css,19,css,4168e523,TimothyMao,2025-01-13,18:24:56,-08:00,2025-01-13T18:24:56-08:00,0,0
style.css,20,css,4168e523,TimothyMao,2025-01-13,18:24:56,-08:00,2025-01-13T18:24:56-08:00,0,0
style.css,21,css,4168e523,TimothyMao,2025-01-13,18:24:56,-08:00,2025-01-13T18:24:56-08:00,0,6
style.css,22,css,c313e45a,TimothyMao,2025-01-22,16:02:39,-08:00,2025-01-22T16:02:39-08:00,0,40
style.css,23,css,4168e523,TimothyMao,2025-01-13,18:24:56,-08:00,2025-01-13T18:24:56-08:00,0,7
style.css,24,css,4168e523,TimothyMao,2025-01-13,18:24:56,-08:00,2025-01-13T18:24:56-08:00,0,21
style.css,25,css,4168e523,TimothyMao,2025-01-13,18:24:56,-08:00,2025-01-13T18:24:56-08:00,0,14
style.css,26,css,4168e523,TimothyMao,2025-01-13,18:24:56,-08:00,2025-01-13T18:24:56-08:00,0,18
style.css,27,css,4168e523,TimothyMao,2025-01-13,18:24:56,-08:00,2025-01-13T18:24:56-08:00,0,14
style.css,28,css,4168e523,TimothyMao,2025-01-13,18:24:56,-08:00,2025-01-13T18:24:56-08:00,0,18
style.css,29,css,4168e523,TimothyMao,2025-01-13,18:24:56,-08:00,2025-01-13T18:24:56-08:00,0,24
style.css,30,css,4168e523,TimothyMao,2025-01-13,18:24:56,-08:00,2025-01-13T18:24:56-08:00,0,26
style.css,31,css,4168e523,TimothyMao,2025-01-13,18:24:56,-08:00,2025-01-13T18:24:56-08:00,0,0
style.css,32,css,4168e523,TimothyMao,2025-01-13,18:24:56,-08:00,2025-01-13T18:24:56-08:00,0,0
style.css,33,css,4168e523,TimothyMao,2025-01-13,18:24:56,-08:00,2025-01-13T18:24:56-08:00,0,13
style.css,34,css,c313e45a,TimothyMao,2025-01-22,16:02:39,-08:00,2025-01-22T16:02:39-08:00,0,40
style.css,35,css,4168e523,TimothyMao,2025-01-13,18:24:56,-08:00,2025-01-13T18:24:56-08:00,0,26
style.css,36,css,4168e523,TimothyMao,2025-01-13,18:24:56,-08:00,2025-01-13T18:24:56-08:00,0,19
style.css,37,css,4168e523,TimothyMao,2025-01-13,18:24:56,-08:00,2025-01-13T18:24:56-08:00,0,0
style.css,38,css,4168e523,TimothyMao,2025-01-13,18:24:56,-08:00,2025-01-13T18:24:56-08:00,0,0
style.css,39,css,84dba606,TimothyMao,2025-01-16,15:47:45,-08:00,2025-01-16T15:47:45-08:00,0,12
style.css,40,css,4168e523,TimothyMao,2025-01-13,18:24:56,-08:00,2025-01-13T18:24:56-08:00,0,11
style.css,41,css,4168e523,TimothyMao,2025-01-13,18:24:56,-08:00,2025-01-13T18:24:56-08:00,0,0
style.css,42,css,4168e523,TimothyMao,2025-01-13,18:24:56,-08:00,2025-01-13T18:24:56-08:00,0,0
style.css,43,css,0f122568,TimothyMao,2025-01-13,18:31:32,-08:00,2025-01-13T18:31:32-08:00,0,6
style.css,44,css,0f122568,TimothyMao,2025-01-13,18:31:32,-08:00,2025-01-13T18:31:32-08:00,0,33
style.css,45,css,0f122568,TimothyMao,2025-01-13,18:31:32,-08:00,2025-01-13T18:31:32-08:00,0,0
style.css,46,css,0f122568,TimothyMao,2025-01-13,18:31:32,-08:00,2025-01-13T18:31:32-08:00,0,0
style.css,47,css,0f122568,TimothyMao,2025-01-13,18:31:32,-08:00,2025-01-13T18:31:32-08:00,0,5
style.css,48,css,0f122568,TimothyMao,2025-01-13,18:31:32,-08:00,2025-01-13T18:31:32-08:00,0,33
style.css,49,css,c313e45a,TimothyMao,2025-01-22,16:02:39,-08:00,2025-01-22T16:02:39-08:00,0,24
style.css,50,css,0f122568,TimothyMao,2025-01-13,18:31:32,-08:00,2025-01-13T18:31:32-08:00,0,0
style.css,51,css,0f122568,TimothyMao,2025-01-13,18:31:32,-08:00,2025-01-13T18:31:32-08:00,0,0
style.css,52,css,f6e12706,TimothyMao,2025-01-22,16:43:21,-08:00,2025-01-22T16:43:21-08:00,0,27
style.css,53,css,f6e12706,TimothyMao,2025-01-22,16:43:21,-08:00,2025-01-22T16:43:21-08:00,0,19
style.css,54,css,6f78fbe3,TimothyMao,2025-01-22,16:50:29,-08:00,2025-01-22T16:50:29-08:00,0,0
style.css,55,css,f6e12706,TimothyMao,2025-01-22,16:43:21,-08:00,2025-01-22T16:43:21-08:00,0,0
style.css,56,css,f6e12706,TimothyMao,2025-01-22,16:43:21,-08:00,2025-01-22T16:43:21-08:00,0,26
style.css,57,css,f6e12706,TimothyMao,2025-01-22,16:43:21,-08:00,2025-01-22T16:43:21-08:00,0,18
style.css,58,css,f6e12706,TimothyMao,2025-01-22,16:43:21,-08:00,2025-01-22T16:43:21-08:00,0,0
style.css,59,css,f6e12706,TimothyMao,2025-01-22,16:43:21,-08:00,2025-01-22T16:43:21-08:00,0,0
style.css,60,css,f6e12706,TimothyMao,2025-01-22,16:43:21,-08:00,2025-01-22T16:43:21-08:00,0,31
style.css,61,css,f6e12706,TimothyMao,2025-01-22,16:43:21,-08:00,2025-01-22T16:43:21-08:00,0,23
style.css,62,css,6f78fbe3,TimothyMao,2025-01-22,16:50:29,-08:00,2025-01-22T16:50:29-08:00,0,0
style.css,63,css,6f78fbe3,TimothyMao,2025-01-22,16:50:29,-08:00,2025-01-22T16:50:29-08:00,0,0
style.css,64,css,6f78fbe3,TimothyMao,2025-01-22,16:50:29,-08:00,2025-01-22T16:50:29-08:00,0,13
style.css,65,css,6f78fbe3,TimothyMao,2025-01-22,16:50:29,-08:00,2025-01-22T16:50:29-08:00,0,18
style.css,66,css,6f78fbe3,TimothyMao,2025-01-22,16:50:29,-08:00,2025-01-22T16:50:29-08:00,0,11
style.css,67,css,6f78fbe3,TimothyMao,2025-01-22,16:50:29,-08:00,2025-01-22T16:50:29-08:00,0,11
style.css,68,css,6f78fbe3,TimothyMao,2025-01-22,16:50:29,-08:00,2025-01-22T16:50:29-08:00,0,0
style.css,69,css,f6e12706,TimothyMao,2025-01-22,16:43:21,-08:00,2025-01-22T16:43:21-08:00,0,0
style.css,70,css,0f122568,TimothyMao,2025-01-13,18:31:32,-08:00,2025-01-13T18:31:32-08:00,0,12
style.css,71,css,0f122568,TimothyMao,2025-01-13,18:31:32,-08:00,2025-01-13T18:31:32-08:00,0,26
style.css,72,css,c313e45a,TimothyMao,2025-01-22,16:02:39,-08:00,2025-01-22T16:02:39-08:00,0,40
style.css,73,css,c313e45a,TimothyMao,2025-01-22,16:02:39,-08:00,2025-01-22T16:02:39-08:00,0,70
style.css,74,css,0f122568,TimothyMao,2025-01-13,18:31:32,-08:00,2025-01-13T18:31:32-08:00,0,19
style.css,75,css,e9b099dc,TimothyMao,2025-01-13,18:41:35,-08:00,2025-01-13T18:41:35-08:00,0,0
style.css,76,css,e9b099dc,TimothyMao,2025-01-13,18:41:35,-08:00,2025-01-13T18:41:35-08:00,0,0
style.css,77,css,7484c9fd,TimothyMao,2025-01-13,18:56:34,-08:00,2025-01-13T18:56:34-08:00,0,4
style.css,78,css,7484c9fd,TimothyMao,2025-01-13,18:56:34,-08:00,2025-01-13T18:56:34-08:00,0,13
style.css,79,css,7484c9fd,TimothyMao,2025-01-13,18:56:34,-08:00,2025-01-13T18:56:34-08:00,0,31
style.css,80,css,7484c9fd,TimothyMao,2025-01-13,18:56:34,-08:00,2025-01-13T18:56:34-08:00,0,19
style.css,81,css,7484c9fd,TimothyMao,2025-01-13,18:56:34,-08:00,2025-01-13T18:56:34-08:00,0,8
style.css,82,css,7484c9fd,TimothyMao,2025-01-13,18:56:34,-08:00,2025-01-13T18:56:34-08:00,0,0
style.css,83,css,7484c9fd,TimothyMao,2025-01-13,18:56:34,-08:00,2025-01-13T18:56:34-08:00,0,0
style.css,84,css,7484c9fd,TimothyMao,2025-01-13,18:56:34,-08:00,2025-01-13T18:56:34-08:00,0,6
style.css,85,css,7484c9fd,TimothyMao,2025-01-13,18:56:34,-08:00,2025-01-13T18:56:34-08:00,0,13
style.css,86,css,7484c9fd,TimothyMao,2025-01-13,18:56:34,-08:00,2025-01-13T18:56:34-08:00,0,30
style.css,87,css,e9b099dc,TimothyMao,2025-01-13,18:41:35,-08:00,2025-01-13T18:41:35-08:00,0,0
style.css,88,css,e9b099dc,TimothyMao,2025-01-13,18:41:35,-08:00,2025-01-13T18:41:35-08:00,0,0
style.css,89,css,7484c9fd,TimothyMao,2025-01-13,18:56:34,-08:00,2025-01-13T18:56:34-08:00,0,6
style.css,90,css,7484c9fd,TimothyMao,2025-01-13,18:56:34,-08:00,2025-01-13T18:56:34-08:00,0,19
style.css,91,css,e9b099dc,TimothyMao,2025-01-13,18:41:35,-08:00,2025-01-13T18:41:35-08:00,0,0
style.css,92,css,7484c9fd,TimothyMao,2025-01-13,18:56:34,-08:00,2025-01-13T18:56:34-08:00,0,0
style.css,93,css,152368be,TimothyMao,2025-01-13,18:59:10,-08:00,2025-01-13T18:59:10-08:00,0,9
style.css,94,css,152368be,TimothyMao,2025-01-13,18:59:10,-08:00,2025-01-13T18:59:10-08:00,0,13
style.css,95,css,152368be,TimothyMao,2025-01-13,18:59:10,-08:00,2025-01-13T18:59:10-08:00,0,59
style.css,96,css,152368be,TimothyMao,2025-01-13,18:59:10,-08:00,2025-01-13T18:59:10-08:00,0,0
style.css,97,css,152368be,TimothyMao,2025-01-13,18:59:10,-08:00,2025-01-13T18:59:10-08:00,0,0
style.css,98,css,948b48ce,TimothyMao,2025-01-13,19:03:57,-08:00,2025-01-13T19:03:57-08:00,0,7
style.css,99,css,948b48ce,TimothyMao,2025-01-13,19:03:57,-08:00,2025-01-13T19:03:57-08:00,0,13
style.css,100,css,948b48ce,TimothyMao,2025-01-13,19:03:57,-08:00,2025-01-13T19:03:57-08:00,0,27
style.css,101,css,948b48ce,TimothyMao,2025-01-13,19:03:57,-08:00,2025-01-13T19:03:57-08:00,0,16
style.css,102,css,948b48ce,TimothyMao,2025-01-13,19:03:57,-08:00,2025-01-13T19:03:57-08:00,0,0
style.css,103,css,948b48ce,TimothyMao,2025-01-13,19:03:57,-08:00,2025-01-13T19:03:57-08:00,0,0
style.css,104,css,948b48ce,TimothyMao,2025-01-13,19:03:57,-08:00,2025-01-13T19:03:57-08:00,0,2
style.css,105,css,948b48ce,TimothyMao,2025-01-13,19:03:57,-08:00,2025-01-13T19:03:57-08:00,0,9
style.css,106,css,948b48ce,TimothyMao,2025-01-13,19:03:57,-08:00,2025-01-13T19:03:57-08:00,0,0
style.css,107,css,948b48ce,TimothyMao,2025-01-13,19:03:57,-08:00,2025-01-13T19:03:57-08:00,0,0
style.css,108,css,948b48ce,TimothyMao,2025-01-13,19:03:57,-08:00,2025-01-13T19:03:57-08:00,0,2
style.css,109,css,948b48ce,TimothyMao,2025-01-13,19:03:57,-08:00,2025-01-13T19:03:57-08:00,0,15
style.css,110,css,948b48ce,TimothyMao,2025-01-13,19:03:57,-08:00,2025-01-13T19:03:57-08:00,0,0
style.css,111,css,948b48ce,TimothyMao,2025-01-13,19:03:57,-08:00,2025-01-13T19:03:57-08:00,0,0
style.css,112,css,948b48ce,TimothyMao,2025-01-13,19:03:57,-08:00,2025-01-13T19:03:57-08:00,0,22
style.css,113,css,948b48ce,TimothyMao,2025-01-13,19:03:57,-08:00,2025-01-13T19:03:57-08:00,0,16
style.css,114,css,948b48ce,TimothyMao,2025-01-13,19:03:57,-08:00,2025-01-13T19:03:57-08:00,0,18
style.css,115,css,84dba606,TimothyMao,2025-01-16,15:47:45,-08:00,2025-01-16T15:47:45-08:00,0,0
style.css,116,css,84dba606,TimothyMao,2025-01-16,15:47:45,-08:00,2025-01-16T15:47:45-08:00,0,0
style.css,117,css,84dba606,TimothyMao,2025-01-16,15:47:45,-08:00,2025-01-16T15:47:45-08:00,0,6
style.css,118,css,84dba606,TimothyMao,2025-01-16,15:47:45,-08:00,2025-01-16T15:47:45-08:00,0,29
style.css,119,css,84dba606,TimothyMao,2025-01-16,15:47:45,-08:00,2025-01-16T15:47:45-08:00,0,0
style.css,120,css,84dba606,TimothyMao,2025-01-16,15:47:45,-08:00,2025-01-16T15:47:45-08:00,0,5
style.css,121,css,84dba606,TimothyMao,2025-01-16,15:47:45,-08:00,2025-01-16T15:47:45-08:00,0,32
style.css,122,css,c313e45a,TimothyMao,2025-01-22,16:02:39,-08:00,2025-01-22T16:02:39-08:00,0,81
style.css,123,css,84dba606,TimothyMao,2025-01-16,15:47:45,-08:00,2025-01-16T15:47:45-08:00,0,0
style.css,124,css,84dba606,TimothyMao,2025-01-16,15:47:45,-08:00,2025-01-16T15:47:45-08:00,0,8
style.css,125,css,84dba606,TimothyMao,2025-01-16,15:47:45,-08:00,2025-01-16T15:47:45-08:00,0,12
style.css,126,css,84dba606,TimothyMao,2025-01-16,15:47:45,-08:00,2025-01-16T15:47:45-08:00,0,18
style.css,127,css,84dba606,TimothyMao,2025-01-16,15:47:45,-08:00,2025-01-16T15:47:45-08:00,0,18
style.css,128,css,c313e45a,TimothyMao,2025-01-22,16:02:39,-08:00,2025-01-22T16:02:39-08:00,0,49
style.css,129,css,c313e45a,TimothyMao,2025-01-22,16:02:39,-08:00,2025-01-22T16:02:39-08:00,0,38
style.css,130,css,c313e45a,TimothyMao,2025-01-22,16:02:39,-08:00,2025-01-22T16:02:39-08:00,0,0
style.css,131,css,07ffda5c,TimothyMao,2025-01-30,19:08:33,-08:00,2025-01-30T19:08:33-08:00,0,0
style.css,132,css,362cfe98,TimothyMao,2025-01-30,20:07:03,-08:00,2025-01-30T20:07:03-08:00,0,9
style.css,133,css,362cfe98,TimothyMao,2025-01-30,20:07:03,-08:00,2025-01-30T20:07:03-08:00,0,16
style.css,134,css,362cfe98,TimothyMao,2025-01-30,20:07:03,-08:00,2025-01-30T20:07:03-08:00,0,0
style.css,135,css,362cfe98,TimothyMao,2025-01-30,20:07:03,-08:00,2025-01-30T20:07:03-08:00,0,0
style.css,136,css,362cfe98,TimothyMao,2025-01-30,20:07:03,-08:00,2025-01-30T20:07:03-08:00,0,3
style.css,137,css,362cfe98,TimothyMao,2025-01-30,20:07:03,-08:00,2025-01-30T20:07:03-08:00,0,13
style.css,138,css,362cfe98,TimothyMao,2025-01-30,20:07:03,-08:00,2025-01-30T20:07:03-08:00,0,37
style.css,139,css,362cfe98,TimothyMao,2025-01-30,20:07:03,-08:00,2025-01-30T20:07:03-08:00,0,10
style.css,140,css,362cfe98,TimothyMao,2025-01-30,20:07:03,-08:00,2025-01-30T20:07:03-08:00,0,0
style.css,141,css,362cfe98,TimothyMao,2025-01-30,20:07:03,-08:00,2025-01-30T20:07:03-08:00,0,0
style.css,142,css,362cfe98,TimothyMao,2025-01-30,20:07:03,-08:00,2025-01-30T20:07:03-08:00,0,3
style.css,143,css,362cfe98,TimothyMao,2025-01-30,20:07:03,-08:00,2025-01-30T20:07:03-08:00,0,11
style.css,144,css,362cfe98,TimothyMao,2025-01-30,20:07:03,-08:00,2025-01-30T20:07:03-08:00,0,0
style.css,145,css,362cfe98,TimothyMao,2025-01-30,20:07:03,-08:00,2025-01-30T20:07:03-08:00,0,0
style.css,146,css,362cfe98,TimothyMao,2025-01-30,20:07:03,-08:00,2025-01-30T20:07:03-08:00,0,3
style.css,147,css,362cfe98,TimothyMao,2025-01-30,20:07:03,-08:00,2025-01-30T20:07:03-08:00,0,11
style.css,148,css,362cfe98,TimothyMao,2025-01-30,20:07:03,-08:00,2025-01-30T20:07:03-08:00,0,9
style.css,149,css,a25b05fd,TimothyMao,2025-02-07,13:20:57,-08:00,2025-02-07T13:20:57-08:00,0,0
style.css,150,css,a25b05fd,TimothyMao,2025-02-07,13:20:57,-08:00,2025-02-07T13:20:57-08:00,0,0
style.css,151,css,a25b05fd,TimothyMao,2025-02-07,13:20:57,-08:00,2025-02-07T13:20:57-08:00,0,14
style.css,152,css,a25b05fd,TimothyMao,2025-02-07,13:20:57,-08:00,2025-02-07T13:20:57-08:00,0,13
style.css,153,css,a25b05fd,TimothyMao,2025-02-07,13:20:57,-08:00,2025-02-07T13:20:57-08:00,0,22
style.css,154,css,a25b05fd,TimothyMao,2025-02-07,13:20:57,-08:00,2025-02-07T13:20:57-08:00,0,11
style.css,155,css,a25b05fd,TimothyMao,2025-02-07,13:20:57,-08:00,2025-02-07T13:20:57-08:00,0,0
style.css,156,css,a25b05fd,TimothyMao,2025-02-07,13:20:57,-08:00,2025-02-07T13:20:57-08:00,0,0
style.css,157,css,a25b05fd,TimothyMao,2025-02-07,13:20:57,-08:00,2025-02-07T13:20:57-08:00,0,14
style.css,158,css,a25b05fd,TimothyMao,2025-02-07,13:20:57,-08:00,2025-02-07T13:20:57-08:00,0,55
style.css,159,css,a25b05fd,TimothyMao,2025-02-07,13:20:57,-08:00,2025-02-07T13:20:57-08:00,0,35
style.css,160,css,a25b05fd,TimothyMao,2025-02-07,13:20:57,-08:00,2025-02-07T13:20:57-08:00,0,16
style.css,161,css,a25b05fd,TimothyMao,2025-02-07,13:20:57,-08:00,2025-02-07T13:20:57-08:00,0,9
style.css,162,css,74c6f4c4,TimothyMao,2025-02-07,13:25:51,-08:00,2025-02-07T13:25:51-08:00,0,0
style.css,163,css,74c6f4c4,TimothyMao,2025-02-07,13:25:51,-08:00,2025-02-07T13:25:51-08:00,0,0
style.css,164,css,74c6f4c4,TimothyMao,2025-02-07,13:25:51,-08:00,2025-02-07T13:25:51-08:00,0,19
style.css,165,css,74c6f4c4,TimothyMao,2025-02-07,13:25:51,-08:00,2025-02-07T13:25:51-08:00,0,15
style.css,166,css,74c6f4c4,TimothyMao,2025-02-07,13:25:51,-08:00,2025-02-07T13:25:51-08:00,0,17
style.css,167,css,74c6f4c4,TimothyMao,2025-02-07,13:25:51,-08:00,2025-02-07T13:25:51-08:00,0,0
style.css,168,css,74c6f4c4,TimothyMao,2025-02-07,13:25:51,-08:00,2025-02-07T13:25:51-08:00,0,17
style.css,169,css,03fc6b38,TimothyMao,2025-02-07,13:52:39,-08:00,2025-02-07T13:52:39-08:00,0,0
style.css,170,css,03fc6b38,TimothyMao,2025-02-07,13:52:39,-08:00,2025-02-07T13:52:39-08:00,0,0
style.css,171,css,03fc6b38,TimothyMao,2025-02-07,13:52:39,-08:00,2025-02-07T13:52:39-08:00,0,7
style.css,172,css,03fc6b38,TimothyMao,2025-02-07,13:52:39,-08:00,2025-02-07T13:52:39-08:00,0,21
style.css,173,css,03fc6b38,TimothyMao,2025-02-07,13:52:39,-08:00,2025-02-07T13:52:39-08:00,0,10
style.css,174,css,03fc6b38,TimothyMao,2025-02-07,13:52:39,-08:00,2025-02-07T13:52:39-08:00,0,17
style.css,175,css,03fc6b38,TimothyMao,2025-02-07,13:52:39,-08:00,2025-02-07T13:52:39-08:00,0,30
style.css,176,css,03fc6b38,TimothyMao,2025-02-07,13:52:39,-08:00,2025-02-07T13:52:39-08:00,0,18
style.css,177,css,03fc6b38,TimothyMao,2025-02-07,13:52:39,-08:00,2025-02-07T13:52:39-08:00,0,0
style.css,178,css,03fc6b38,TimothyMao,2025-02-07,13:52:39,-08:00,2025-02-07T13:52:39-08:00,0,0
style.css,179,css,03fc6b38,TimothyMao,2025-02-07,13:52:39,-08:00,2025-02-07T13:52:39-08:00,0,7
style.css,180,css,03fc6b38,TimothyMao,2025-02-07,13:52:39,-08:00,2025-02-07T13:52:39-08:00,0,13
style.css,181,css,03fc6b38,TimothyMao,2025-02-07,13:52:39,-08:00,2025-02-07T13:52:39-08:00,0,58
style.css,182,css,03fc6b38,TimothyMao,2025-02-07,13:52:39,-08:00,2025-02-07T13:52:39-08:00,0,11
style.css,183,css,03fc6b38,TimothyMao,2025-02-07,13:52:39,-08:00,2025-02-07T13:52:39-08:00,0,16
style.css,184,css,03fc6b38,TimothyMao,2025-02-07,13:52:39,-08:00,2025-02-07T13:52:39-08:00,0,24
style.css,185,css,03fc6b38,TimothyMao,2025-02-07,13:52:39,-08:00,2025-02-07T13:52:39-08:00,0,18
style.css,186,css,03fc6b38,TimothyMao,2025-02-07,13:52:39,-08:00,2025-02-07T13:52:39-08:00,0,0
style.css,187,css,03fc6b38,TimothyMao,2025-02-07,13:52:39,-08:00,2025-02-07T13:52:39-08:00,0,0
style.css,188,css,03fc6b38,TimothyMao,2025-02-07,13:52:39,-08:00,2025-02-07T13:52:39-08:00,0,10
style.css,189,css,03fc6b38,TimothyMao,2025-02-07,13:52:39,-08:00,2025-02-07T13:52:39-08:00,0,13
style.css,190,css,03fc6b38,TimothyMao,2025-02-07,13:52:39,-08:00,2025-02-07T13:52:39-08:00,0,7
style.css,191,css,03fc6b38,TimothyMao,2025-02-07,13:52:39,-08:00,2025-02-07T13:52:39-08:00,0,10
style.css,192,css,9afc0431,TimothyMao,2025-02-07,14:40:55,-08:00,2025-02-07T14:40:55-08:00,0,0
style.css,193,css,9afc0431,TimothyMao,2025-02-07,14:40:55,-08:00,2025-02-07T14:40:55-08:00,0,0
style.css,194,css,9afc0431,TimothyMao,2025-02-07,14:40:55,-08:00,2025-02-07T14:40:55-08:00,0,37
style.css,195,css,9afc0431,TimothyMao,2025-02-07,14:40:55,-08:00,2025-02-07T14:40:55-08:00,0,12
style.css,196,css,9afc0431,TimothyMao,2025-02-07,14:40:55,-08:00,2025-02-07T14:40:55-08:00,0,0
style.css,197,css,9afc0431,TimothyMao,2025-02-07,14:40:55,-08:00,2025-02-07T14:40:55-08:00,0,0
style.css,198,css,9afc0431,TimothyMao,2025-02-07,14:40:55,-08:00,2025-02-07T14:40:55-08:00,0,5
style.css,199,css,9afc0431,TimothyMao,2025-02-07,14:40:55,-08:00,2025-02-07T14:40:55-08:00,0,17
style.css,200,css,9afc0431,TimothyMao,2025-02-07,14:40:55,-08:00,2025-02-07T14:40:55-08:00,0,15
style.css,201,css,9afc0431,TimothyMao,2025-02-07,14:40:55,-08:00,2025-02-07T14:40:55-08:00,0,0
style.css,202,css,9afc0431,TimothyMao,2025-02-07,14:40:55,-08:00,2025-02-07T14:40:55-08:00,0,0
style.css,203,css,9afc0431,TimothyMao,2025-02-07,14:40:55,-08:00,2025-02-07T14:40:55-08:00,0,10
style.css,204,css,47ccc77b,TimothyMao,2025-02-07,14:44:29,-08:00,2025-02-07T14:44:29-08:00,0,47
style.css,205,css,9afc0431,TimothyMao,2025-02-07,14:40:55,-08:00,2025-02-07T14:40:55-08:00,0,0
style.css,206,css,9afc0431,TimothyMao,2025-02-07,14:40:55,-08:00,2025-02-07T14:40:55-08:00,0,11
style.css,207,css,9afc0431,TimothyMao,2025-02-07,14:40:55,-08:00,2025-02-07T14:40:55-08:00,0,18
style.css,208,css,9afc0431,TimothyMao,2025-02-07,14:40:55,-08:00,2025-02-07T14:40:55-08:00,0,0
style.css,209,css,17c8310e,TimothyMao,2025-02-14,14:06:11,-08:00,2025-02-14T14:06:11-08:00,0,0
style.css,210,css,17c8310e,TimothyMao,2025-02-14,14:06:11,-08:00,2025-02-14T14:06:11-08:00,0,0
style.css,211,css,e98ebe1d,TimothyMao,2025-02-14,14:14:50,-08:00,2025-02-14T14:14:50-08:00,0,16
style.css,212,css,e98ebe1d,TimothyMao,2025-02-14,14:14:50,-08:00,2025-02-14T14:14:50-08:00,0,28
style.css,213,css,e98ebe1d,TimothyMao,2025-02-14,14:14:50,-08:00,2025-02-14T14:14:50-08:00,0,21
style.css,214,css,e98ebe1d,TimothyMao,2025-02-14,14:14:50,-08:00,2025-02-14T14:14:50-08:00,0,0
style.css,215,css,e98ebe1d,TimothyMao,2025-02-14,14:14:50,-08:00,2025-02-14T14:14:50-08:00,0,0
style.css,216,css,e98ebe1d,TimothyMao,2025-02-14,14:14:50,-08:00,2025-02-14T14:14:50-08:00,0,16
style.css,217,css,e98ebe1d,TimothyMao,2025-02-14,14:14:50,-08:00,2025-02-14T14:14:50-08:00,0,13
style.css,218,css,e98ebe1d,TimothyMao,2025-02-14,14:14:50,-08:00,2025-02-14T14:14:50-08:00,0,0
style.css,219,css,e98ebe1d,TimothyMao,2025-02-14,14:14:50,-08:00,2025-02-14T14:14:50-08:00,0,0
style.css,220,css,e98ebe1d,TimothyMao,2025-02-14,14:14:50,-08:00,2025-02-14T14:14:50-08:00,0,50
style.css,221,css,e98ebe1d,TimothyMao,2025-02-14,14:14:50,-08:00,2025-02-14T14:14:50-08:00,0,10
style.css,222,css,e98ebe1d,TimothyMao,2025-02-14,14:14:50,-08:00,2025-02-14T14:14:50-08:00,0,11
style.css,223,css,e98ebe1d,TimothyMao,2025-02-14,14:14:50,-08:00,2025-02-14T14:14:50-08:00,0,28
style.css,224,css,34acea05,TimothyMao,2025-02-14,14:28:53,-08:00,2025-02-14T14:28:53-08:00,0,0
style.css,225,css,34acea05,TimothyMao,2025-02-14,14:28:53,-08:00,2025-02-14T14:28:53-08:00,0,0
style.css,226,css,34acea05,TimothyMao,2025-02-14,14:28:53,-08:00,2025-02-14T14:28:53-08:00,0,0
style.css,227,css,34acea05,TimothyMao,2025-02-14,14:28:53,-08:00,2025-02-14T14:28:53-08:00,0,8
style.css,228,css,34acea05,TimothyMao,2025-02-14,14:28:53,-08:00,2025-02-14T14:28:53-08:00,0,13
style.css,229,css,34acea05,TimothyMao,2025-02-14,14:28:53,-08:00,2025-02-14T14:28:53-08:00,0,31
style.css,230,css,34acea05,TimothyMao,2025-02-14,14:28:53,-08:00,2025-02-14T14:28:53-08:00,0,14
style.css,231,css,34acea05,TimothyMao,2025-02-14,14:28:53,-08:00,2025-02-14T14:28:53-08:00,0,9
style.css,232,css,54a55904,TimothyMao,2025-02-14,14:33:26,-08:00,2025-02-14T14:33:26-08:00,0,26
style.css,233,css,54a55904,TimothyMao,2025-02-14,14:33:26,-08:00,2025-02-14T14:33:26-08:00,0,40
style.css,234,css,54a55904,TimothyMao,2025-02-14,14:33:26,-08:00,2025-02-14T14:33:26-08:00,0,0
style.css,235,css,54a55904,TimothyMao,2025-02-14,14:33:26,-08:00,2025-02-14T14:33:26-08:00,0,0
style.css,236,css,54a55904,TimothyMao,2025-02-14,14:33:26,-08:00,2025-02-14T14:33:26-08:00,0,43
style.css,237,css,54a55904,TimothyMao,2025-02-14,14:33:26,-08:00,2025-02-14T14:33:26-08:00,0,10
style.css,238,css,54a55904,TimothyMao,2025-02-14,14:33:26,-08:00,2025-02-14T14:33:26-08:00,0,18
style.css,239,css,34acea05,TimothyMao,2025-02-14,14:28:53,-08:00,2025-02-14T14:28:53-08:00,0,0
style.css,240,css,34acea05,TimothyMao,2025-02-14,14:28:53,-08:00,2025-02-14T14:28:53-08:00,0,0
style.css,241,css,34acea05,TimothyMao,2025-02-14,14:28:53,-08:00,2025-02-14T14:28:53-08:00,0,9
style.css,242,css,34acea05,TimothyMao,2025-02-14,14:28:53,-08:00,2025-02-14T14:28:53-08:00,0,15
style.css,243,css,34acea05,TimothyMao,2025-02-14,14:28:53,-08:00,2025-02-14T14:28:53-08:00,0,32
style.css,244,css,34acea05,TimothyMao,2025-02-14,14:28:53,-08:00,2025-02-14T14:28:53-08:00,0,12
style.css,245,css,34acea05,TimothyMao,2025-02-14,14:28:53,-08:00,2025-02-14T14:28:53-08:00,0,18
style.css,246,css,34acea05,TimothyMao,2025-02-14,14:28:53,-08:00,2025-02-14T14:28:53-08:00,0,40
style.css,247,css,34acea05,TimothyMao,2025-02-14,14:28:53,-08:00,2025-02-14T14:28:53-08:00,0,20
style.css,248,css,34acea05,TimothyMao,2025-02-14,14:28:53,-08:00,2025-02-14T14:28:53-08:00,0,13
style.css,249,css,34acea05,TimothyMao,2025-02-14,14:28:53,-08:00,2025-02-14T14:28:53-08:00,0,25
style.css,250,css,34acea05,TimothyMao,2025-02-14,14:28:53,-08:00,2025-02-14T14:28:53-08:00,0,0
style.css,251,css,34acea05,TimothyMao,2025-02-14,14:28:53,-08:00,2025-02-14T14:28:53-08:00,0,7
style.css,252,css,34acea05,TimothyMao,2025-02-14,14:28:53,-08:00,2025-02-14T14:28:53-08:00,0,17
style.css,253,css,34acea05,TimothyMao,2025-02-14,14:28:53,-08:00,2025-02-14T14:28:53-08:00,0,24
style.css,254,css,34acea05,TimothyMao,2025-02-14,14:28:53,-08:00,2025-02-14T14:28:53-08:00,0,23
style.css,255,css,34acea05,TimothyMao,2025-02-14,14:28:53,-08:00,2025-02-14T14:28:53-08:00,0,0
style.css,256,css,34acea05,TimothyMao,2025-02-14,14:28:53,-08:00,2025-02-14T14:28:53-08:00,0,0
style.css,257,css,34acea05,TimothyMao,2025-02-14,14:28:53,-08:00,2025-02-14T14:28:53-08:00,0,13
style.css,258,css,34acea05,TimothyMao,2025-02-14,14:28:53,-08:00,2025-02-14T14:28:53-08:00,0,21
style.css,259,css,232c20ef,TimothyMao,2025-02-14,15:25:11,-08:00,2025-02-14T15:25:11-08:00,0,0
style.css,260,css,232c20ef,TimothyMao,2025-02-14,15:25:11,-08:00,2025-02-14T15:25:11-08:00,0,0
style.css,261,css,232c20ef,TimothyMao,2025-02-14,15:25:11,-08:00,2025-02-14T15:25:11-08:00,0,25
style.css,262,css,232c20ef,TimothyMao,2025-02-14,15:25:11,-08:00,2025-02-14T15:25:11-08:00,0,3
style.css,263,css,232c20ef,TimothyMao,2025-02-14,15:25:11,-08:00,2025-02-14T15:25:11-08:00,0,33
style.css,264,css,232c20ef,TimothyMao,2025-02-14,15:25:11,-08:00,2025-02-14T15:25:11-08:00,0,0
style.css,265,css,232c20ef,TimothyMao,2025-02-14,15:25:11,-08:00,2025-02-14T15:25:11-08:00,0,0
style.css,266,css,232c20ef,TimothyMao,2025-02-14,15:25:11,-08:00,2025-02-14T15:25:11-08:00,0,0
style.css,267,css,232c20ef,TimothyMao,2025-02-14,15:25:11,-08:00,2025-02-14T15:25:11-08:00,0,11
style.css,268,css,232c20ef,TimothyMao,2025-02-14,15:25:11,-08:00,2025-02-14T15:25:11-08:00,0,17
style.css,269,css,232c20ef,TimothyMao,2025-02-14,15:25:11,-08:00,2025-02-14T15:25:11-08:00,0,13
style.css,270,css,232c20ef,TimothyMao,2025-02-14,15:25:11,-08:00,2025-02-14T15:25:11-08:00,0,19
style.css,271,css,232c20ef,TimothyMao,2025-02-14,15:25:11,-08:00,2025-02-14T15:25:11-08:00,0,21
style.css,272,css,232c20ef,TimothyMao,2025-02-14,15:25:11,-08:00,2025-02-14T15:25:11-08:00,0,43
style.css,273,css,232c20ef,TimothyMao,2025-02-14,15:25:11,-08:00,2025-02-14T15:25:11-08:00,0,0
style.css,274,css,232c20ef,TimothyMao,2025-02-14,15:25:11,-08:00,2025-02-14T15:25:11-08:00,0,0
style.css,275,css,232c20ef,TimothyMao,2025-02-14,15:25:11,-08:00,2025-02-14T15:25:11-08:00,0,16
style.css,276,css,232c20ef,TimothyMao,2025-02-14,15:25:11,-08:00,2025-02-14T15:25:11-08:00,0,13
style.css,277,css,232c20ef,TimothyMao,2025-02-14,15:25:11,-08:00,2025-02-14T15:25:11-08:00,0,0
style.css,278,css,d093d461,TimothyMao,2025-02-25,00:21:43,-08:00,2025-02-25T00:21:43-08:00,0,0
style.css,279,css,d093d461,TimothyMao,2025-02-25,00:21:43,-08:00,2025-02-25T00:21:43-08:00,0,8
style.css,280,css,d093d461,TimothyMao,2025-02-25,00:21:43,-08:00,2025-02-25T00:21:43-08:00,0,52
style.css,281,css,d093d461,TimothyMao,2025-02-25,00:21:43,-08:00,2025-02-25T00:21:43-08:00,0,22
style.css,282,css,d093d461,TimothyMao,2025-02-25,00:21:43,-08:00,2025-02-25T00:21:43-08:00,0,50
style.css,283,css,d093d461,TimothyMao,2025-02-25,00:21:43,-08:00,2025-02-25T00:21:43-08:00,0,0
style.css,284,css,d093d461,TimothyMao,2025-02-25,00:21:43,-08:00,2025-02-25T00:21:43-08:00,0,0
style.css,285,css,d093d461,TimothyMao,2025-02-25,00:21:43,-08:00,2025-02-25T00:21:43-08:00,0,13
style.css,286,css,d093d461,TimothyMao,2025-02-25,00:21:43,-08:00,2025-02-25T00:21:43-08:00,0,13
style.css,287,css,d093d461,TimothyMao,2025-02-25,00:21:43,-08:00,2025-02-25T00:21:43-08:00,0,22
style.css,288,css,d093d461,TimothyMao,2025-02-25,00:21:43,-08:00,2025-02-25T00:21:43-08:00,0,11
style.css,289,css,d093d461,TimothyMao,2025-02-25,00:21:43,-08:00,2025-02-25T00:21:43-08:00,0,21
style.css,290,css,d093d461,TimothyMao,2025-02-25,00:21:43,-08:00,2025-02-25T00:21:43-08:00,0,62
style.css,291,css,d093d461,TimothyMao,2025-02-25,00:21:43,-08:00,2025-02-25T00:21:43-08:00,0,0
style.css,292,css,7d29b72d,TimothyMao,2025-02-27,17:00:08,-08:00,2025-02-27T17:00:08-08:00,0,0
style.css,293,css,7d29b72d,TimothyMao,2025-02-27,17:00:08,-08:00,2025-02-27T17:00:08-08:00,0,8
style.css,294,css,7d29b72d,TimothyMao,2025-02-27,17:00:08,-08:00,2025-02-27T17:00:08-08:00,0,19
style.css,295,css,7d29b72d,TimothyMao,2025-02-27,17:00:08,-08:00,2025-02-27T17:00:08-08:00,0,48
style.css,296,css,7d29b72d,TimothyMao,2025-02-27,17:00:08,-08:00,2025-02-27T17:00:08-08:00,0,19
style.css,297,css,7d29b72d,TimothyMao,2025-02-27,17:00:08,-08:00,2025-02-27T17:00:08-08:00,0,9
style.css,298,css,7d29b72d,TimothyMao,2025-02-27,17:00:08,-08:00,2025-02-27T17:00:08-08:00,0,0
style.css,299,css,7d29b72d,TimothyMao,2025-02-27,17:00:08,-08:00,2025-02-27T17:00:08-08:00,0,0
style.css,300,css,7d29b72d,TimothyMao,2025-02-27,17:00:08,-08:00,2025-02-27T17:00:08-08:00,0,13
style.css,301,css,7d29b72d,TimothyMao,2025-02-27,17:00:08,-08:00,2025-02-27T17:00:08-08:00,0,6
style.css,302,css,7d29b72d,TimothyMao,2025-02-27,17:00:08,-08:00,2025-02-27T17:00:08-08:00,0,0
style.css,303,css,7d29b72d,TimothyMao,2025-02-27,17:00:08,-08:00,2025-02-27T17:00:08-08:00,0,0
style.css,304,css,7d29b72d,TimothyMao,2025-02-27,17:00:08,-08:00,2025-02-27T17:00:08-08:00,0,15
style.css,305,css,7d29b72d,TimothyMao,2025-02-27,17:00:08,-08:00,2025-02-27T17:00:08-08:00,0,17
style.css,306,css,7d29b72d,TimothyMao,2025-02-27,17:00:08,-08:00,2025-02-27T17:00:08-08:00,0,38
style.css,307,css,7d29b72d,TimothyMao,2025-02-27,17:00:08,-08:00,2025-02-27T17:00:08-08:00,0,0
style.css,308,css,7d29b72d,TimothyMao,2025-02-27,17:00:08,-08:00,2025-02-27T17:00:08-08:00,0,0
index.js,1,js,c9ca2fdf,TimothyMao,2025-01-30,23:26:29,-08:00,2025-01-30T23:26:29-08:00,0,81
index.js,2,js,06d04e30,TimothyMao,2025-01-30,20:15:04,-08:00,2025-01-30T20:15:04-08:00,0,64
index.js,3,js,158dfc52,TimothyMao,2025-01-30,18:22:27,-08:00,2025-01-30T18:22:27-08:00,0,43
index.js,4,js,158dfc52,TimothyMao,2025-01-30,18:22:27,-08:00,2025-01-30T18:22:27-08:00,0,61
index.js,5,js,158dfc52,TimothyMao,2025-01-30,18:22:27,-08:00,2025-01-30T18:22:27-08:00,0,55
index.js,6,js,77c65543,TimothyMao,2025-01-30,19:01:18,-08:00,2025-01-30T19:01:18-08:00,0,0
index.js,7,js,77c65543,TimothyMao,2025-01-30,19:01:18,-08:00,2025-01-30T19:01:18-08:00,0,54
index.js,8,js,77c65543,TimothyMao,2025-01-30,19:01:18,-08:00,2025-01-30T19:01:18-08:00,0,61
index.js,9,js,77c65543,TimothyMao,2025-01-30,19:01:18,-08:00,2025-01-30T19:01:18-08:00,0,0
index.js,10,js,77c65543,TimothyMao,2025-01-30,19:01:18,-08:00,2025-01-30T19:01:18-08:00,0,18
index.js,11,js,77c65543,TimothyMao,2025-01-30,19:01:18,-08:00,2025-01-30T19:01:18-08:00,0,25
index.js,12,js,77c65543,TimothyMao,2025-01-30,19:01:18,-08:00,2025-01-30T19:01:18-08:00,0,3
index.js,13,js,77c65543,TimothyMao,2025-01-30,19:01:18,-08:00,2025-01-30T19:01:18-08:00,0,56
index.js,14,js,77c65543,TimothyMao,2025-01-30,19:01:18,-08:00,2025-01-30T19:01:18-08:00,0,56
index.js,15,js,77c65543,TimothyMao,2025-01-30,19:01:18,-08:00,2025-01-30T19:01:18-08:00,0,50
index.js,16,js,77c65543,TimothyMao,2025-01-30,19:01:18,-08:00,2025-01-30T19:01:18-08:00,0,50
index.js,17,js,77c65543,TimothyMao,2025-01-30,19:01:18,-08:00,2025-01-30T19:01:18-08:00,0,4
index.js,18,js,77c65543,TimothyMao,2025-01-30,19:01:18,-08:00,2025-01-30T19:01:18-08:00,0,1
index.js,19,js,77c65543,TimothyMao,2025-01-30,19:01:18,-08:00,2025-01-30T19:01:18-08:00,0,0
index.html,1,html,e79198c2,TimothyMao,2025-01-08,13:53:09,-08:00,2025-01-08T13:53:09-08:00,0,14
index.html,2,html,e725c224,TimothyMao,2025-01-22,15:38:57,-08:00,2025-01-22T15:38:57-08:00,0,30
index.html,3,html,e79198c2,TimothyMao,2025-01-08,13:53:09,-08:00,2025-01-08T13:53:09-08:00,0,5
index.html,4,html,e79198c2,TimothyMao,2025-01-08,13:53:09,-08:00,2025-01-08T13:53:09-08:00,0,21
index.html,5,html,e79198c2,TimothyMao,2025-01-08,13:53:09,-08:00,2025-01-08T13:53:09-08:00,0,69
index.html,6,html,e79198c2,TimothyMao,2025-01-08,13:53:09,-08:00,2025-01-08T13:53:09-08:00,0,50
index.html,7,html,0d8aca69,TimothyMao,2025-01-08,14:10:18,-08:00,2025-01-08T14:10:18-08:00,0,39
index.html,8,html,b05497a5,TimothyMao,2025-01-30,19:52:41,-08:00,2025-01-30T19:52:41-08:00,0,47
index.html,9,html,a4c8aa40,TimothyMao,2025-01-30,19:44:59,-08:00,2025-01-30T19:44:59-08:00,0,51
index.html,10,html,e79198c2,TimothyMao,2025-01-08,13:53:09,-08:00,2025-01-08T13:53:09-08:00,0,6
index.html,11,html,e79198c2,TimothyMao,2025-01-08,13:53:09,-08:00,2025-01-08T13:53:09-08:00,0,5
index.html,12,html,77c65543,TimothyMao,2025-01-30,19:01:18,-08:00,2025-01-30T19:01:18-08:00,0,21
index.html,13,html,a436c275,TimothyMao,2025-01-30,20:09:28,-08:00,2025-01-30T20:09:28-08:00,0,29
index.html,14,html,4168e523,TimothyMao,2025-01-13,18:24:56,-08:00,2025-01-13T18:24:56-08:00,0,11
index.html,15,html,4168e523,TimothyMao,2025-01-13,18:24:56,-08:00,2025-01-13T18:24:56-08:00,0,63
index.html,16,html,b01702d3,TimothyMao,2025-01-22,16:55:30,-08:00,2025-01-22T16:55:30-08:00,0,114
index.html,17,html,77c65543,TimothyMao,2025-01-30,19:01:18,-08:00,2025-01-30T19:01:18-08:00,0,23
index.html,18,html,77c65543,TimothyMao,2025-01-30,19:01:18,-08:00,2025-01-30T19:01:18-08:00,0,21
index.html,19,html,77c65543,TimothyMao,2025-01-30,19:01:18,-08:00,2025-01-30T19:01:18-08:00,0,50
index.html,20,html,77c65543,TimothyMao,2025-01-30,19:01:18,-08:00,2025-01-30T19:01:18-08:00,0,5
index.html,21,html,e79198c2,TimothyMao,2025-01-08,13:53:09,-08:00,2025-01-08T13:53:09-08:00,0,6
index.html,22,html,e79198c2,TimothyMao,2025-01-08,13:53:09,-08:00,2025-01-08T13:53:09-08:00,0,6
global.js,1,js,e725c224,TimothyMao,2025-01-22,15:38:57,-08:00,2025-01-22T15:38:57-08:00,0,26
global.js,2,js,e725c224,TimothyMao,2025-01-22,15:38:57,-08:00,2025-01-22T15:38:57-08:00,0,0
global.js,3,js,e725c224,TimothyMao,2025-01-22,15:38:57,-08:00,2025-01-22T15:38:57-08:00,0,42
global.js,4,js,e725c224,TimothyMao,2025-01-22,15:38:57,-08:00,2025-01-22T15:38:57-08:00,0,53
global.js,5,js,e725c224,TimothyMao,2025-01-22,15:38:57,-08:00,2025-01-22T15:38:57-08:00,0,0
global.js,6,js,e725c224,TimothyMao,2025-01-22,15:38:57,-08:00,2025-01-22T15:38:57-08:00,0,0
global.js,7,js,e725c224,TimothyMao,2025-01-22,15:38:57,-08:00,2025-01-22T15:38:57-08:00,0,27
global.js,8,js,e725c224,TimothyMao,2025-01-22,15:38:57,-08:00,2025-01-22T15:38:57-08:00,0,0
global.js,9,js,e725c224,TimothyMao,2025-01-22,15:38:57,-08:00,2025-01-22T15:38:57-08:00,0,34
global.js,10,js,e725c224,TimothyMao,2025-01-22,15:38:57,-08:00,2025-01-22T15:38:57-08:00,0,73
global.js,11,js,e725c224,TimothyMao,2025-01-22,15:38:57,-08:00,2025-01-22T15:38:57-08:00,0,6
global.js,12,js,e725c224,TimothyMao,2025-01-22,15:38:57,-08:00,2025-01-22T15:38:57-08:00,0,0
global.js,13,js,e725c224,TimothyMao,2025-01-22,15:38:57,-08:00,2025-01-22T15:38:57-08:00,0,40
global.js,14,js,e725c224,TimothyMao,2025-01-22,15:38:57,-08:00,2025-01-22T15:38:57-08:00,0,0
global.js,15,js,e725c224,TimothyMao,2025-01-22,15:38:57,-08:00,2025-01-22T15:38:57-08:00,0,0
global.js,16,js,e725c224,TimothyMao,2025-01-22,15:38:57,-08:00,2025-01-22T15:38:57-08:00,0,12
global.js,17,js,e725c224,TimothyMao,2025-01-22,15:38:57,-08:00,2025-01-22T15:38:57-08:00,0,26
global.js,18,js,e725c224,TimothyMao,2025-01-22,15:38:57,-08:00,2025-01-22T15:38:57-08:00,0,39
global.js,19,js,e725c224,TimothyMao,2025-01-22,15:38:57,-08:00,2025-01-22T15:38:57-08:00,0,36
global.js,20,js,e725c224,TimothyMao,2025-01-22,15:38:57,-08:00,2025-01-22T15:38:57-08:00,0,34
global.js,21,js,fcc3b16b,TimothyMao,2025-02-14,13:03:35,-08:00,2025-02-14T13:03:35-08:00,0,29
global.js,22,js,e725c224,TimothyMao,2025-01-22,15:38:57,-08:00,2025-01-22T15:38:57-08:00,0,56
global.js,23,js,e725c224,TimothyMao,2025-01-22,15:38:57,-08:00,2025-01-22T15:38:57-08:00,0,33
global.js,24,js,e725c224,TimothyMao,2025-01-22,15:38:57,-08:00,2025-01-22T15:38:57-08:00,0,1
global.js,25,js,e725c224,TimothyMao,2025-01-22,15:38:57,-08:00,2025-01-22T15:38:57-08:00,0,0
global.js,26,js,e725c224,TimothyMao,2025-01-22,15:38:57,-08:00,2025-01-22T15:38:57-08:00,0,0
global.js,27,js,e725c224,TimothyMao,2025-01-22,15:38:57,-08:00,2025-01-22T15:38:57-08:00,0,71
global.js,28,js,e725c224,TimothyMao,2025-01-22,15:38:57,-08:00,2025-01-22T15:38:57-08:00,0,0
global.js,29,js,e725c224,TimothyMao,2025-01-22,15:38:57,-08:00,2025-01-22T15:38:57-08:00,0,39
global.js,30,js,e725c224,TimothyMao,2025-01-22,15:38:57,-08:00,2025-01-22T15:38:57-08:00,0,26
global.js,31,js,e725c224,TimothyMao,2025-01-22,15:38:57,-08:00,2025-01-22T15:38:57-08:00,0,0
global.js,32,js,e725c224,TimothyMao,2025-01-22,15:38:57,-08:00,2025-01-22T15:38:57-08:00,0,21
global.js,33,js,e725c224,TimothyMao,2025-01-22,15:38:57,-08:00,2025-01-22T15:38:57-08:00,0,15
global.js,34,js,e725c224,TimothyMao,2025-01-22,15:38:57,-08:00,2025-01-22T15:38:57-08:00,0,19
global.js,35,js,e725c224,TimothyMao,2025-01-22,15:38:57,-08:00,2025-01-22T15:38:57-08:00,0,65
global.js,36,js,57c91def,TimothyMao,2025-01-22,15:43:11,-08:00,2025-01-22T15:43:11-08:00,0,35
global.js,37,js,57c91def,TimothyMao,2025-01-22,15:43:11,-08:00,2025-01-22T15:43:11-08:00,0,12
global.js,38,js,57c91def,TimothyMao,2025-01-22,15:43:11,-08:00,2025-01-22T15:43:11-08:00,0,21
global.js,39,js,57c91def,TimothyMao,2025-01-22,15:43:11,-08:00,2025-01-22T15:43:11-08:00,0,0
global.js,40,js,57c91def,TimothyMao,2025-01-22,15:43:11,-08:00,2025-01-22T15:43:11-08:00,0,18
global.js,41,js,57c91def,TimothyMao,2025-01-22,15:43:11,-08:00,2025-01-22T15:43:11-08:00,0,9
global.js,42,js,57c91def,TimothyMao,2025-01-22,15:43:11,-08:00,2025-01-22T15:43:11-08:00,0,59
global.js,43,js,57c91def,TimothyMao,2025-01-22,15:43:11,-08:00,2025-01-22T15:43:11-08:00,0,1
global.js,44,js,57c91def,TimothyMao,2025-01-22,15:43:11,-08:00,2025-01-22T15:43:11-08:00,0,0
global.js,45,js,57c91def,TimothyMao,2025-01-22,15:43:11,-08:00,2025-01-22T15:43:11-08:00,0,30
global.js,46,js,57c91def,TimothyMao,2025-01-22,15:43:11,-08:00,2025-01-22T15:43:11-08:00,0,19
global.js,47,js,57c91def,TimothyMao,2025-01-22,15:43:11,-08:00,2025-01-22T15:43:11-08:00,0,0
global.js,48,js,f6e12706,TimothyMao,2025-01-22,16:43:21,-08:00,2025-01-22T16:43:21-08:00,0,0
global.js,49,js,57c91def,TimothyMao,2025-01-22,15:43:11,-08:00,2025-01-22T15:43:11-08:00,0,13
global.js,50,js,e725c224,TimothyMao,2025-01-22,15:38:57,-08:00,2025-01-22T15:38:57-08:00,0,0
global.js,51,js,e725c224,TimothyMao,2025-01-22,15:38:57,-08:00,2025-01-22T15:38:57-08:00,0,0
global.js,52,js,e725c224,TimothyMao,2025-01-22,15:38:57,-08:00,2025-01-22T15:38:57-08:00,0,0
global.js,53,js,f6e12706,TimothyMao,2025-01-22,16:43:21,-08:00,2025-01-22T16:43:21-08:00,0,32
global.js,54,js,f6e12706,TimothyMao,2025-01-22,16:43:21,-08:00,2025-01-22T16:43:21-08:00,0,12
global.js,55,js,f6e12706,TimothyMao,2025-01-22,16:43:21,-08:00,2025-01-22T16:43:21-08:00,0,0
global.js,56,js,f6e12706,TimothyMao,2025-01-22,16:43:21,-08:00,2025-01-22T16:43:21-08:00,0,27
global.js,57,js,f6e12706,TimothyMao,2025-01-22,16:43:21,-08:00,2025-01-22T16:43:21-08:00,0,5
global.js,58,js,f6e12706,TimothyMao,2025-01-22,16:43:21,-08:00,2025-01-22T16:43:21-08:00,0,32
global.js,59,js,f6e12706,TimothyMao,2025-01-22,16:43:21,-08:00,2025-01-22T16:43:21-08:00,0,43
global.js,60,js,f6e12706,TimothyMao,2025-01-22,16:43:21,-08:00,2025-01-22T16:43:21-08:00,0,35
global.js,61,js,f6e12706,TimothyMao,2025-01-22,16:43:21,-08:00,2025-01-22T16:43:21-08:00,0,33
global.js,62,js,f6e12706,TimothyMao,2025-01-22,16:43:21,-08:00,2025-01-22T16:43:21-08:00,0,8
global.js,63,js,f6e12706,TimothyMao,2025-01-22,16:43:21,-08:00,2025-01-22T16:43:21-08:00,0,8
global.js,64,js,f6e12706,TimothyMao,2025-01-22,16:43:21,-08:00,2025-01-22T16:43:21-08:00,0,1
global.js,65,js,f6e12706,TimothyMao,2025-01-22,16:43:21,-08:00,2025-01-22T16:43:21-08:00,0,0
global.js,66,js,6f78fbe3,TimothyMao,2025-01-22,16:50:29,-08:00,2025-01-22T16:50:29-08:00,0,61
global.js,67,js,25d917e5,TimothyMao,2025-01-22,16:53:32,-08:00,2025-01-22T16:53:32-08:00,0,0
global.js,68,js,25d917e5,TimothyMao,2025-01-22,16:53:32,-08:00,2025-01-22T16:53:32-08:00,0,30
global.js,69,js,25d917e5,TimothyMao,2025-01-22,16:53:32,-08:00,2025-01-22T16:53:32-08:00,0,84
global.js,70,js,25d917e5,TimothyMao,2025-01-22,16:53:32,-08:00,2025-01-22T16:53:32-08:00,0,39
global.js,71,js,25d917e5,TimothyMao,2025-01-22,16:53:32,-08:00,2025-01-22T16:53:32-08:00,0,0
global.js,72,js,25d917e5,TimothyMao,2025-01-22,16:53:32,-08:00,2025-01-22T16:53:32-08:00,0,0
global.js,73,js,6f78fbe3,TimothyMao,2025-01-22,16:50:29,-08:00,2025-01-22T16:50:29-08:00,0,49
global.js,74,js,6f78fbe3,TimothyMao,2025-01-22,16:50:29,-08:00,2025-01-22T16:50:29-08:00,0,58
global.js,75,js,6f78fbe3,TimothyMao,2025-01-22,16:50:29,-08:00,2025-01-22T16:50:29-08:00,0,0
global.js,76,js,6f78fbe3,TimothyMao,2025-01-22,16:50:29,-08:00,2025-01-22T16:50:29-08:00,0,78
global.js,77,js,25d917e5,TimothyMao,2025-01-22,16:53:32,-08:00,2025-01-22T16:53:32-08:00,0,44
global.js,78,js,f6e12706,TimothyMao,2025-01-22,16:43:21,-08:00,2025-01-22T16:43:21-08:00,0,2
global.js,79,js,f6e12706,TimothyMao,2025-01-22,16:43:21,-08:00,2025-01-22T16:43:21-08:00,0,0
global.js,80,js,37ba53e6,TimothyMao,2025-01-30,17:17:06,-08:00,2025-01-30T17:17:06-08:00,0,37
global.js,81,js,37ba53e6,TimothyMao,2025-01-30,17:17:06,-08:00,2025-01-30T17:17:06-08:00,0,4
global.js,82,js,37ba53e6,TimothyMao,2025-01-30,17:17:06,-08:00,2025-01-30T17:17:06-08:00,0,34
global.js,83,js,37ba53e6,TimothyMao,2025-01-30,17:17:06,-08:00,2025-01-30T17:17:06-08:00,0,33
global.js,84,js,37ba53e6,TimothyMao,2025-01-30,17:17:06,-08:00,2025-01-30T17:17:06-08:00,0,18
global.js,85,js,37ba53e6,TimothyMao,2025-01-30,17:17:06,-08:00,2025-01-30T17:17:06-08:00,0,67
global.js,86,js,37ba53e6,TimothyMao,2025-01-30,17:17:06,-08:00,2025-01-30T17:17:06-08:00,0,0
global.js,87,js,192969f7,TimothyMao,2025-01-30,17:24:18,-08:00,2025-01-30T17:24:18-08:00,0,37
global.js,88,js,192969f7,TimothyMao,2025-01-30,17:24:18,-08:00,2025-01-30T17:24:18-08:00,0,21
global.js,89,js,d64ee0b1,TimothyMao,2025-01-30,17:42:04,-08:00,2025-01-30T17:42:04-08:00,0,0
global.js,90,js,37ba53e6,TimothyMao,2025-01-30,17:17:06,-08:00,2025-01-30T17:17:06-08:00,0,34
global.js,91,js,d64ee0b1,TimothyMao,2025-01-30,17:42:04,-08:00,2025-01-30T17:42:04-08:00,0,32
global.js,92,js,d64ee0b1,TimothyMao,2025-01-30,17:42:04,-08:00,2025-01-30T17:42:04-08:00,0,17
global.js,93,js,37ba53e6,TimothyMao,2025-01-30,17:17:06,-08:00,2025-01-30T17:17:06-08:00,0,11
global.js,94,js,37ba53e6,TimothyMao,2025-01-30,17:17:06,-08:00,2025-01-30T17:17:06-08:00,0,0
global.js,95,js,37ba53e6,TimothyMao,2025-01-30,17:17:06,-08:00,2025-01-30T17:17:06-08:00,0,16
global.js,96,js,37ba53e6,TimothyMao,2025-01-30,17:17:06,-08:00,2025-01-30T17:17:06-08:00,0,60
global.js,97,js,37ba53e6,TimothyMao,2025-01-30,17:17:06,-08:00,2025-01-30T17:17:06-08:00,0,0
global.js,98,js,37ba53e6,TimothyMao,2025-01-30,17:17:06,-08:00,2025-01-30T17:17:06-08:00,0,0
global.js,99,js,37ba53e6,TimothyMao,2025-01-30,17:17:06,-08:00,2025-01-30T17:17:06-08:00,0,0
global.js,100,js,460eb92d,TimothyMao,2025-01-30,18:05:43,-08:00,2025-01-30T18:05:43-08:00,0,1
global.js,101,js,158aea47,TimothyMao,2025-01-30,17:53:56,-08:00,2025-01-30T17:53:56-08:00,0,58
global.js,102,js,158aea47,TimothyMao,2025-01-30,17:53:56,-08:00,2025-01-30T17:53:56-08:00,0,31
global.js,103,js,158aea47,TimothyMao,2025-01-30,17:53:56,-08:00,2025-01-30T17:53:56-08:00,0,25
global.js,104,js,158aea47,TimothyMao,2025-01-30,17:53:56,-08:00,2025-01-30T17:53:56-08:00,0,35
global.js,105,js,158aea47,TimothyMao,2025-01-30,17:53:56,-08:00,2025-01-30T17:53:56-08:00,0,52
global.js,106,js,158aea47,TimothyMao,2025-01-30,17:53:56,-08:00,2025-01-30T17:53:56-08:00,0,6
global.js,107,js,158aea47,TimothyMao,2025-01-30,17:53:56,-08:00,2025-01-30T17:53:56-08:00,0,0
global.js,108,js,158aea47,TimothyMao,2025-01-30,17:53:56,-08:00,2025-01-30T17:53:56-08:00,0,27
global.js,109,js,158aea47,TimothyMao,2025-01-30,17:53:56,-08:00,2025-01-30T17:53:56-08:00,0,49
global.js,110,js,158aea47,TimothyMao,2025-01-30,17:53:56,-08:00,2025-01-30T17:53:56-08:00,0,20
global.js,111,js,158aea47,TimothyMao,2025-01-30,17:53:56,-08:00,2025-01-30T17:53:56-08:00,0,24
global.js,112,js,158aea47,TimothyMao,2025-01-30,17:53:56,-08:00,2025-01-30T17:53:56-08:00,0,50
global.js,113,js,158aea47,TimothyMao,2025-01-30,17:53:56,-08:00,2025-01-30T17:53:56-08:00,0,28
global.js,114,js,158aea47,TimothyMao,2025-01-30,17:53:56,-08:00,2025-01-30T17:53:56-08:00,0,1
global.js,115,js,158aea47,TimothyMao,2025-01-30,17:53:56,-08:00,2025-01-30T17:53:56-08:00,0,37
global.js,116,js,158aea47,TimothyMao,2025-01-30,17:53:56,-08:00,2025-01-30T17:53:56-08:00,0,2
global.js,117,js,460eb92d,TimothyMao,2025-01-30,18:05:43,-08:00,2025-01-30T18:05:43-08:00,0,0
global.js,118,js,460eb92d,TimothyMao,2025-01-30,18:05:43,-08:00,2025-01-30T18:05:43-08:00,0,1
global.js,119,js,460eb92d,TimothyMao,2025-01-30,18:05:43,-08:00,2025-01-30T18:05:43-08:00,0,0
global.js,120,js,460eb92d,TimothyMao,2025-01-30,18:05:43,-08:00,2025-01-30T18:05:43-08:00,0,79
global.js,121,js,460eb92d,TimothyMao,2025-01-30,18:05:43,-08:00,2025-01-30T18:05:43-08:00,0,31
global.js,122,js,460eb92d,TimothyMao,2025-01-30,18:05:43,-08:00,2025-01-30T18:05:43-08:00,0,25
global.js,123,js,460eb92d,TimothyMao,2025-01-30,18:05:43,-08:00,2025-01-30T18:05:43-08:00,0,35
global.js,124,js,460eb92d,TimothyMao,2025-01-30,18:05:43,-08:00,2025-01-30T18:05:43-08:00,0,52
global.js,125,js,460eb92d,TimothyMao,2025-01-30,18:05:43,-08:00,2025-01-30T18:05:43-08:00,0,6
global.js,126,js,460eb92d,TimothyMao,2025-01-30,18:05:43,-08:00,2025-01-30T18:05:43-08:00,0,0
global.js,127,js,460eb92d,TimothyMao,2025-01-30,18:05:43,-08:00,2025-01-30T18:05:43-08:00,0,27
global.js,128,js,460eb92d,TimothyMao,2025-01-30,18:05:43,-08:00,2025-01-30T18:05:43-08:00,0,49
global.js,129,js,460eb92d,TimothyMao,2025-01-30,18:05:43,-08:00,2025-01-30T18:05:43-08:00,0,20
global.js,130,js,460eb92d,TimothyMao,2025-01-30,18:05:43,-08:00,2025-01-30T18:05:43-08:00,0,50
global.js,131,js,460eb92d,TimothyMao,2025-01-30,18:05:43,-08:00,2025-01-30T18:05:43-08:00,0,50
global.js,132,js,a25b05fd,TimothyMao,2025-02-07,13:20:57,-08:00,2025-02-07T13:20:57-08:00,0,25
global.js,133,js,a25b05fd,TimothyMao,2025-02-07,13:20:57,-08:00,2025-02-07T13:20:57-08:00,0,28
global.js,134,js,aea949eb,TimothyMao,2025-02-24,23:32:44,-08:00,2025-02-24T23:32:44-08:00,0,20
global.js,135,js,a25b05fd,TimothyMao,2025-02-07,13:20:57,-08:00,2025-02-07T13:20:57-08:00,0,42
global.js,136,js,a25b05fd,TimothyMao,2025-02-07,13:20:57,-08:00,2025-02-07T13:20:57-08:00,0,5
global.js,137,js,460eb92d,TimothyMao,2025-01-30,18:05:43,-08:00,2025-01-30T18:05:43-08:00,0,1
global.js,138,js,460eb92d,TimothyMao,2025-01-30,18:05:43,-08:00,2025-01-30T18:05:43-08:00,0,37
global.js,139,js,460eb92d,TimothyMao,2025-01-30,18:05:43,-08:00,2025-01-30T18:05:43-08:00,0,2
global.js,140,js,460eb92d,TimothyMao,2025-01-30,18:05:43,-08:00,2025-01-30T18:05:43-08:00,0,0
global.js,141,js,ad8043d2,TimothyMao,2025-01-30,18:09:50,-08:00,2025-01-30T18:09:50-08:00,0,38
global.js,142,js,460eb92d,TimothyMao,2025-01-30,18:05:43,-08:00,2025-01-30T18:05:43-08:00,0,60
global.js,143,js,460eb92d,TimothyMao,2025-01-30,18:05:43,-08:00,2025-01-30T18:05:43-08:00,0,53
global.js,144,js,ad8043d2,TimothyMao,2025-01-30,18:09:50,-08:00,2025-01-30T18:09:50-08:00,0,45
global.js,145,js,77c65543,TimothyMao,2025-01-30,19:01:18,-08:00,2025-01-30T19:01:18-08:00,0,1
global.js,146,js,77c65543,TimothyMao,2025-01-30,19:01:18,-08:00,2025-01-30T19:01:18-08:00,0,0
global.js,147,js,77c65543,TimothyMao,2025-01-30,19:01:18,-08:00,2025-01-30T19:01:18-08:00,0,48
global.js,148,js,77c65543,TimothyMao,2025-01-30,19:01:18,-08:00,2025-01-30T19:01:18-08:00,0,23
global.js,149,js,77c65543,TimothyMao,2025-01-30,19:01:18,-08:00,2025-01-30T19:01:18-08:00,0,60
global.js,150,js,77c65543,TimothyMao,2025-01-30,19:01:18,-08:00,2025-01-30T19:01:18-08:00,0,0
resume/index.html,1,html,fd338ac2,TimothyMao,2025-01-09,22:27:44,-08:00,2025-01-09T22:27:44-08:00,0,14
resume/index.html,2,html,fd338ac2,TimothyMao,2025-01-09,22:27:44,-08:00,2025-01-09T22:27:44-08:00,0,15
resume/index.html,3,html,fd338ac2,TimothyMao,2025-01-09,22:27:44,-08:00,2025-01-09T22:27:44-08:00,0,5
resume/index.html,4,html,fd338ac2,TimothyMao,2025-01-09,22:27:44,-08:00,2025-01-09T22:27:44-08:00,0,21
resume/index.html,5,html,fd338ac2,TimothyMao,2025-01-09,22:27:44,-08:00,2025-01-09T22:27:44-08:00,0,69
resume/index.html,6,html,4168e523,TimothyMao,2025-01-13,18:24:56,-08:00,2025-01-13T18:24:56-08:00,0,42
resume/index.html,7,html,6a640fae,TimothyMao,2025-01-30,17:27:53,-08:00,2025-01-30T17:27:53-08:00,0,51
resume/index.html,8,html,fd338ac2,TimothyMao,2025-01-09,22:27:44,-08:00,2025-01-09T22:27:44-08:00,0,20
resume/index.html,9,html,fd338ac2,TimothyMao,2025-01-09,22:27:44,-08:00,2025-01-09T22:27:44-08:00,0,6
resume/index.html,10,html,fd338ac2,TimothyMao,2025-01-09,22:27:44,-08:00,2025-01-09T22:27:44-08:00,0,5
resume/index.html,11,html,fd338ac2,TimothyMao,2025-01-09,22:27:44,-08:00,2025-01-09T22:27:44-08:00,0,19
resume/index.html,12,html,fd338ac2,TimothyMao,2025-01-09,22:27:44,-08:00,2025-01-09T22:27:44-08:00,0,34
resume/index.html,13,html,fd338ac2,TimothyMao,2025-01-09,22:27:44,-08:00,2025-01-09T22:27:44-08:00,0,60
resume/index.html,14,html,fd338ac2,TimothyMao,2025-01-09,22:27:44,-08:00,2025-01-09T22:27:44-08:00,0,20
resume/index.html,15,html,fd338ac2,TimothyMao,2025-01-09,22:27:44,-08:00,2025-01-09T22:27:44-08:00,0,109
resume/index.html,16,html,fd338ac2,TimothyMao,2025-01-09,22:27:44,-08:00,2025-01-09T22:27:44-08:00,0,9
resume/index.html,17,html,fd338ac2,TimothyMao,2025-01-09,22:27:44,-08:00,2025-01-09T22:27:44-08:00,0,23
resume/index.html,18,html,fd338ac2,TimothyMao,2025-01-09,22:27:44,-08:00,2025-01-09T22:27:44-08:00,0,7
resume/index.html,19,html,fd338ac2,TimothyMao,2025-01-09,22:27:44,-08:00,2025-01-09T22:27:44-08:00,0,17
resume/index.html,20,html,84dba606,TimothyMao,2025-01-16,15:47:45,-08:00,2025-01-16T15:47:45-08:00,0,2
resume/index.html,21,html,84dba606,TimothyMao,2025-01-16,15:47:45,-08:00,2025-01-16T15:47:45-08:00,0,35
resume/index.html,22,html,84dba606,TimothyMao,2025-01-16,15:47:45,-08:00,2025-01-16T15:47:45-08:00,0,75
resume/index.html,23,html,84dba606,TimothyMao,2025-01-16,15:47:45,-08:00,2025-01-16T15:47:45-08:00,0,3
resume/index.html,24,html,84dba606,TimothyMao,2025-01-16,15:47:45,-08:00,2025-01-16T15:47:45-08:00,0,2
resume/index.html,25,html,84dba606,TimothyMao,2025-01-16,15:47:45,-08:00,2025-01-16T15:47:45-08:00,0,44
resume/index.html,26,html,84dba606,TimothyMao,2025-01-16,15:47:45,-08:00,2025-01-16T15:47:45-08:00,0,43
resume/index.html,27,html,84dba606,TimothyMao,2025-01-16,15:47:45,-08:00,2025-01-16T15:47:45-08:00,0,3
resume/index.html,28,html,fd338ac2,TimothyMao,2025-01-09,22:27:44,-08:00,2025-01-09T22:27:44-08:00,0,9
resume/index.html,29,html,fd338ac2,TimothyMao,2025-01-09,22:27:44,-08:00,2025-01-09T22:27:44-08:00,0,24
resume/index.html,30,html,fd338ac2,TimothyMao,2025-01-09,22:27:44,-08:00,2025-01-09T22:27:44-08:00,0,7
resume/index.html,31,html,fd338ac2,TimothyMao,2025-01-09,22:27:44,-08:00,2025-01-09T22:27:44-08:00,0,23
resume/index.html,32,html,fd338ac2,TimothyMao,2025-01-09,22:27:44,-08:00,2025-01-09T22:27:44-08:00,0,8
resume/index.html,33,html,fd338ac2,TimothyMao,2025-01-09,22:27:44,-08:00,2025-01-09T22:27:44-08:00,0,8
resume/index.html,34,html,fd338ac2,TimothyMao,2025-01-09,22:27:44,-08:00,2025-01-09T22:27:44-08:00,0,7
resume/index.html,35,html,84dba606,TimothyMao,2025-01-16,15:47:45,-08:00,2025-01-16T15:47:45-08:00,0,40
resume/index.html,36,html,84dba606,TimothyMao,2025-01-16,15:47:45,-08:00,2025-01-16T15:47:45-08:00,0,126
resume/index.html,37,html,84dba606,TimothyMao,2025-01-16,15:47:45,-08:00,2025-01-16T15:47:45-08:00,0,4
resume/index.html,38,html,fd338ac2,TimothyMao,2025-01-09,22:27:44,-08:00,2025-01-09T22:27:44-08:00,0,8
resume/index.html,39,html,fd338ac2,TimothyMao,2025-01-09,22:27:44,-08:00,2025-01-09T22:27:44-08:00,0,3
resume/index.html,40,html,fd338ac2,TimothyMao,2025-01-09,22:27:44,-08:00,2025-01-09T22:27:44-08:00,0,65
resume/index.html,41,html,fd338ac2,TimothyMao,2025-01-09,22:27:44,-08:00,2025-01-09T22:27:44-08:00,0,65
resume/index.html,42,html,fd338ac2,TimothyMao,2025-01-09,22:27:44,-08:00,2025-01-09T22:27:44-08:00,0,65
resume/index.html,43,html,fd338ac2,TimothyMao,2025-01-09,22:27:44,-08:00,2025-01-09T22:27:44-08:00,0,65
resume/index.html,44,html,fd338ac2,TimothyMao,2025-01-09,22:27:44,-08:00,2025-01-09T22:27:44-08:00,0,4
resume/index.html,45,html,fd338ac2,TimothyMao,2025-01-09,22:27:44,-08:00,2025-01-09T22:27:44-08:00,0,9
resume/index.html,46,html,fd338ac2,TimothyMao,2025-01-09,22:27:44,-08:00,2025-01-09T22:27:44-08:00,0,7
resume/index.html,47,html,84dba606,TimothyMao,2025-01-16,15:47:45,-08:00,2025-01-16T15:47:45-08:00,0,50
resume/index.html,48,html,84dba606,TimothyMao,2025-01-16,15:47:45,-08:00,2025-01-16T15:47:45-08:00,0,124
resume/index.html,49,html,84dba606,TimothyMao,2025-01-16,15:47:45,-08:00,2025-01-16T15:47:45-08:00,0,4
resume/index.html,50,html,fd338ac2,TimothyMao,2025-01-09,22:27:44,-08:00,2025-01-09T22:27:44-08:00,0,8
resume/index.html,51,html,fd338ac2,TimothyMao,2025-01-09,22:27:44,-08:00,2025-01-09T22:27:44-08:00,0,3
resume/index.html,52,html,fd338ac2,TimothyMao,2025-01-09,22:27:44,-08:00,2025-01-09T22:27:44-08:00,0,65
resume/index.html,53,html,fd338ac2,TimothyMao,2025-01-09,22:27:44,-08:00,2025-01-09T22:27:44-08:00,0,65
resume/index.html,54,html,fd338ac2,TimothyMao,2025-01-09,22:27:44,-08:00,2025-01-09T22:27:44-08:00,0,65
resume/index.html,55,html,fd338ac2,TimothyMao,2025-01-09,22:27:44,-08:00,2025-01-09T22:27:44-08:00,0,65
resume/index.html,56,html,fd338ac2,TimothyMao,2025-01-09,22:27:44,-08:00,2025-01-09T22:27:44-08:00,0,4
resume/index.html,57,html,fd338ac2,TimothyMao,2025-01-09,22:27:44,-08:00,2025-01-09T22:27:44-08:00,0,9
resume/index.html,58,html,fd338ac2,TimothyMao,2025-01-09,22:27:44,-08:00,2025-01-09T22:27:44-08:00,0,20
resume/index.html,59,html,fd338ac2,TimothyMao,2025-01-09,22:27:44,-08:00,2025-01-09T22:27:44-08:00,0,7
resume/index.html,60,html,fd338ac2,TimothyMao,2025-01-09,22:27:44,-08:00,2025-01-09T22:27:44-08:00,0,14
resume/index.html,61,html,fd338ac2,TimothyMao,2025-01-09,22:27:44,-08:00,2025-01-09T22:27:44-08:00,0,8
resume/index.html,62,html,fd338ac2,TimothyMao,2025-01-09,22:27:44,-08:00,2025-01-09T22:27:44-08:00,0,3
resume/index.html,63,html,fd338ac2,TimothyMao,2025-01-09,22:27:44,-08:00,2025-01-09T22:27:44-08:00,0,56
resume/index.html,64,html,fd338ac2,TimothyMao,2025-01-09,22:27:44,-08:00,2025-01-09T22:27:44-08:00,0,69
resume/index.html,65,html,fd338ac2,TimothyMao,2025-01-09,22:27:44,-08:00,2025-01-09T22:27:44-08:00,0,52
resume/index.html,66,html,fd338ac2,TimothyMao,2025-01-09,22:27:44,-08:00,2025-01-09T22:27:44-08:00,0,4
resume/index.html,67,html,fd338ac2,TimothyMao,2025-01-09,22:27:44,-08:00,2025-01-09T22:27:44-08:00,0,9
resume/index.html,68,html,fd338ac2,TimothyMao,2025-01-09,22:27:44,-08:00,2025-01-09T22:27:44-08:00,0,6
resume/index.html,69,html,fd338ac2,TimothyMao,2025-01-09,22:27:44,-08:00,2025-01-09T22:27:44-08:00,0,6
projects/projects.js,1,js,ad8043d2,TimothyMao,2025-01-30,18:09:50,-08:00,2025-01-30T18:09:50-08:00,0,56
projects/projects.js,2,js,df2d352f,TimothyMao,2025-02-07,13:32:27,-08:00,2025-02-07T13:32:27-08:00,0,64
projects/projects.js,3,js,10cc390d,TimothyMao,2025-02-07,17:51:54,-08:00,2025-02-07T17:51:54-08:00,0,0
projects/projects.js,4,js,ad8043d2,TimothyMao,2025-01-30,18:09:50,-08:00,2025-01-30T18:09:50-08:00,0,56
projects/projects.js,5,js,ad8043d2,TimothyMao,2025-01-30,18:09:50,-08:00,2025-01-30T18:09:50-08:00,0,61
projects/projects.js,6,js,8264ddc2,TimothyMao,2025-01-30,18:17:57,-08:00,2025-01-30T18:17:57-08:00,0,49
projects/projects.js,7,js,8264ddc2,TimothyMao,2025-01-30,18:17:57,-08:00,2025-01-30T18:17:57-08:00,0,0
projects/projects.js,8,js,8264ddc2,TimothyMao,2025-01-30,18:17:57,-08:00,2025-01-30T18:17:57-08:00,0,63
projects/projects.js,9,js,8264ddc2,TimothyMao,2025-01-30,18:17:57,-08:00,2025-01-30T18:17:57-08:00,0,19
projects/projects.js,10,js,8264ddc2,TimothyMao,2025-01-30,18:17:57,-08:00,2025-01-30T18:17:57-08:00,0,57
projects/projects.js,11,js,df2d352f,TimothyMao,2025-02-07,13:32:27,-08:00,2025-02-07T13:32:27-08:00,0,0
projects/projects.js,12,js,df2d352f,TimothyMao,2025-02-07,13:32:27,-08:00,2025-02-07T13:32:27-08:00,0,0
projects/projects.js,13,js,df2d352f,TimothyMao,2025-02-07,13:32:27,-08:00,2025-02-07T13:32:27-08:00,0,58
projects/projects.js,14,js,285f0054,TimothyMao,2025-02-07,14:15:34,-08:00,2025-02-07T14:15:34-08:00,0,48
projects/projects.js,15,js,285f0054,TimothyMao,2025-02-07,14:15:34,-08:00,2025-02-07T14:15:34-08:00,0,0
projects/projects.js,16,js,10cc390d,TimothyMao,2025-02-07,17:51:54,-08:00,2025-02-07T17:51:54-08:00,0,53
projects/projects.js,17,js,285f0054,TimothyMao,2025-02-07,14:15:34,-08:00,2025-02-07T14:15:34-08:00,0,0
projects/projects.js,18,js,9afc0431,TimothyMao,2025-02-07,14:40:55,-08:00,2025-02-07T14:40:55-08:00,0,42
projects/projects.js,19,js,10cc390d,TimothyMao,2025-02-07,17:51:54,-08:00,2025-02-07T17:51:54-08:00,0,26
projects/projects.js,20,js,10cc390d,TimothyMao,2025-02-07,17:51:54,-08:00,2025-02-07T17:51:54-08:00,0,30
projects/projects.js,21,js,285f0054,TimothyMao,2025-02-07,14:15:34,-08:00,2025-02-07T14:15:34-08:00,0,44
projects/projects.js,22,js,df2d352f,TimothyMao,2025-02-07,13:32:27,-08:00,2025-02-07T13:32:27-08:00,0,0
projects/projects.js,23,js,10cc390d,TimothyMao,2025-02-07,17:51:54,-08:00,2025-02-07T17:51:54-08:00,0,27
projects/projects.js,24,js,285f0054,TimothyMao,2025-02-07,14:15:34,-08:00,2025-02-07T14:15:34-08:00,0,16
projects/projects.js,25,js,285f0054,TimothyMao,2025-02-07,14:15:34,-08:00,2025-02-07T14:15:34-08:00,0,15
projects/projects.js,26,js,285f0054,TimothyMao,2025-02-07,14:15:34,-08:00,2025-02-07T14:15:34-08:00,0,12
projects/projects.js,27,js,285f0054,TimothyMao,2025-02-07,14:15:34,-08:00,2025-02-07T14:15:34-08:00,0,1
projects/projects.js,28,js,317e86c0,TimothyMao,2025-02-07,13:36:50,-08:00,2025-02-07T13:36:50-08:00,0,0
projects/projects.js,29,js,10cc390d,TimothyMao,2025-02-07,17:51:54,-08:00,2025-02-07T17:51:54-08:00,0,45
projects/projects.js,30,js,285f0054,TimothyMao,2025-02-07,14:15:34,-08:00,2025-02-07T14:15:34-08:00,0,36
projects/projects.js,31,js,285f0054,TimothyMao,2025-02-07,14:15:34,-08:00,2025-02-07T14:15:34-08:00,0,2
projects/projects.js,32,js,285f0054,TimothyMao,2025-02-07,14:15:34,-08:00,2025-02-07T14:15:34-08:00,0,0
projects/projects.js,33,js,10cc390d,TimothyMao,2025-02-07,17:51:54,-08:00,2025-02-07T17:51:54-08:00,0,51
projects/projects.js,34,js,10cc390d,TimothyMao,2025-02-07,17:51:54,-08:00,2025-02-07T17:51:54-08:00,0,34
projects/projects.js,35,js,10cc390d,TimothyMao,2025-02-07,17:51:54,-08:00,2025-02-07T17:51:54-08:00,0,46
projects/projects.js,36,js,285f0054,TimothyMao,2025-02-07,14:15:34,-08:00,2025-02-07T14:15:34-08:00,0,0
projects/projects.js,37,js,10cc390d,TimothyMao,2025-02-07,17:51:54,-08:00,2025-02-07T17:51:54-08:00,0,27
projects/projects.js,38,js,10cc390d,TimothyMao,2025-02-07,17:51:54,-08:00,2025-02-07T17:51:54-08:00,0,17
projects/projects.js,39,js,285f0054,TimothyMao,2025-02-07,14:15:34,-08:00,2025-02-07T14:15:34-08:00,0,14
projects/projects.js,40,js,10cc390d,TimothyMao,2025-02-07,17:51:54,-08:00,2025-02-07T17:51:54-08:00,0,25
projects/projects.js,41,js,10cc390d,TimothyMao,2025-02-07,17:51:54,-08:00,2025-02-07T17:51:54-08:00,0,45
projects/projects.js,42,js,285f0054,TimothyMao,2025-02-07,14:15:34,-08:00,2025-02-07T14:15:34-08:00,0,2
projects/projects.js,43,js,03fc6b38,TimothyMao,2025-02-07,13:52:39,-08:00,2025-02-07T13:52:39-08:00,0,0
projects/projects.js,44,js,60792172,TimothyMao,2025-02-07,14:06:54,-08:00,2025-02-07T14:06:54-08:00,0,33
projects/projects.js,45,js,10cc390d,TimothyMao,2025-02-07,17:51:54,-08:00,2025-02-07T17:51:54-08:00,0,25
projects/projects.js,46,js,60792172,TimothyMao,2025-02-07,14:06:54,-08:00,2025-02-07T14:06:54-08:00,0,18
projects/projects.js,47,js,285f0054,TimothyMao,2025-02-07,14:15:34,-08:00,2025-02-07T14:15:34-08:00,0,39
projects/projects.js,48,js,285f0054,TimothyMao,2025-02-07,14:15:34,-08:00,2025-02-07T14:15:34-08:00,0,70
projects/projects.js,49,js,285f0054,TimothyMao,2025-02-07,14:15:34,-08:00,2025-02-07T14:15:34-08:00,0,2
projects/projects.js,50,js,9afc0431,TimothyMao,2025-02-07,14:40:55,-08:00,2025-02-07T14:40:55-08:00,0,0
projects/projects.js,51,js,03fc6b38,TimothyMao,2025-02-07,13:52:39,-08:00,2025-02-07T13:52:39-08:00,0,0
projects/projects.js,52,js,10cc390d,TimothyMao,2025-02-07,17:51:54,-08:00,2025-02-07T17:51:54-08:00,0,35
projects/projects.js,53,js,10cc390d,TimothyMao,2025-02-07,17:51:54,-08:00,2025-02-07T17:51:54-08:00,0,26
projects/projects.js,54,js,10cc390d,TimothyMao,2025-02-07,17:51:54,-08:00,2025-02-07T17:51:54-08:00,0,33
projects/projects.js,55,js,10cc390d,TimothyMao,2025-02-07,17:51:54,-08:00,2025-02-07T17:51:54-08:00,0,0
projects/projects.js,56,js,10cc390d,TimothyMao,2025-02-07,17:51:54,-08:00,2025-02-07T17:51:54-08:00,0,28
projects/projects.js,57,js,10cc390d,TimothyMao,2025-02-07,17:51:54,-08:00,2025-02-07T17:51:54-08:00,0,48
projects/projects.js,58,js,10cc390d,TimothyMao,2025-02-07,17:51:54,-08:00,2025-02-07T17:51:54-08:00,0,0
projects/projects.js,59,js,10cc390d,TimothyMao,2025-02-07,17:51:54,-08:00,2025-02-07T17:51:54-08:00,0,20
projects/projects.js,60,js,10cc390d,TimothyMao,2025-02-07,17:51:54,-08:00,2025-02-07T17:51:54-08:00,0,75
projects/projects.js,61,js,10cc390d,TimothyMao,2025-02-07,17:51:54,-08:00,2025-02-07T17:51:54-08:00,0,0
projects/projects.js,62,js,10cc390d,TimothyMao,2025-02-07,17:51:54,-08:00,2025-02-07T17:51:54-08:00,0,21
projects/projects.js,63,js,10cc390d,TimothyMao,2025-02-07,17:51:54,-08:00,2025-02-07T17:51:54-08:00,0,75
projects/projects.js,64,js,10cc390d,TimothyMao,2025-02-07,17:51:54,-08:00,2025-02-07T17:51:54-08:00,0,0
projects/projects.js,65,js,7f66976e,TimothyMao,2025-02-07,18:16:09,-08:00,2025-02-07T18:16:09-08:00,0,31
projects/projects.js,66,js,7f66976e,TimothyMao,2025-02-07,18:16:09,-08:00,2025-02-07T18:16:09-08:00,0,0
projects/projects.js,67,js,7f66976e,TimothyMao,2025-02-07,18:16:09,-08:00,2025-02-07T18:16:09-08:00,0,26
projects/projects.js,68,js,10cc390d,TimothyMao,2025-02-07,17:51:54,-08:00,2025-02-07T17:51:54-08:00,0,44
projects/projects.js,69,js,7f66976e,TimothyMao,2025-02-07,18:16:09,-08:00,2025-02-07T18:16:09-08:00,0,86
projects/projects.js,70,js,7f66976e,TimothyMao,2025-02-07,18:16:09,-08:00,2025-02-07T18:16:09-08:00,0,0
projects/projects.js,71,js,7f66976e,TimothyMao,2025-02-07,18:16:09,-08:00,2025-02-07T18:16:09-08:00,0,0
projects/projects.js,72,js,7f66976e,TimothyMao,2025-02-07,18:16:09,-08:00,2025-02-07T18:16:09-08:00,0,11
projects/projects.js,73,js,7f66976e,TimothyMao,2025-02-07,18:16:09,-08:00,2025-02-07T18:16:09-08:00,0,56
projects/projects.js,74,js,7f66976e,TimothyMao,2025-02-07,18:16:09,-08:00,2025-02-07T18:16:09-08:00,0,60
projects/projects.js,75,js,7f66976e,TimothyMao,2025-02-07,18:16:09,-08:00,2025-02-07T18:16:09-08:00,0,43
projects/projects.js,76,js,7f66976e,TimothyMao,2025-02-07,18:16:09,-08:00,2025-02-07T18:16:09-08:00,0,2
projects/projects.js,77,js,10cc390d,TimothyMao,2025-02-07,17:51:54,-08:00,2025-02-07T17:51:54-08:00,0,0
projects/projects.js,78,js,7f66976e,TimothyMao,2025-02-07,18:16:09,-08:00,2025-02-07T18:16:09-08:00,0,0
projects/projects.js,79,js,7f66976e,TimothyMao,2025-02-07,18:16:09,-08:00,2025-02-07T18:16:09-08:00,0,57
projects/projects.js,80,js,10cc390d,TimothyMao,2025-02-07,17:51:54,-08:00,2025-02-07T17:51:54-08:00,0,0
projects/projects.js,81,js,10cc390d,TimothyMao,2025-02-07,17:51:54,-08:00,2025-02-07T17:51:54-08:00,0,0
projects/projects.js,82,js,9afc0431,TimothyMao,2025-02-07,14:40:55,-08:00,2025-02-07T14:40:55-08:00,0,14
projects/projects.js,83,js,9afc0431,TimothyMao,2025-02-07,14:40:55,-08:00,2025-02-07T14:40:55-08:00,0,54
projects/projects.js,84,js,5ecf9b4b,TimothyMao,2025-02-07,13:58:11,-08:00,2025-02-07T13:58:11-08:00,0,0
projects/projects.js,85,js,9afc0431,TimothyMao,2025-02-07,14:40:55,-08:00,2025-02-07T14:40:55-08:00,0,49
projects/projects.js,86,js,9afc0431,TimothyMao,2025-02-07,14:40:55,-08:00,2025-02-07T14:40:55-08:00,0,26
projects/projects.js,87,js,10cc390d,TimothyMao,2025-02-07,17:51:54,-08:00,2025-02-07T17:51:54-08:00,0,0
projects/projects.js,88,js,9afc0431,TimothyMao,2025-02-07,14:40:55,-08:00,2025-02-07T14:40:55-08:00,0,52
projects/projects.js,89,js,9afc0431,TimothyMao,2025-02-07,14:40:55,-08:00,2025-02-07T14:40:55-08:00,0,60
projects/projects.js,90,js,9afc0431,TimothyMao,2025-02-07,14:40:55,-08:00,2025-02-07T14:40:55-08:00,0,43
projects/projects.js,91,js,9afc0431,TimothyMao,2025-02-07,14:40:55,-08:00,2025-02-07T14:40:55-08:00,0,2
projects/projects.js,92,js,285f0054,TimothyMao,2025-02-07,14:15:34,-08:00,2025-02-07T14:15:34-08:00,0,0
projects/projects.js,93,js,285f0054,TimothyMao,2025-02-07,14:15:34,-08:00,2025-02-07T14:15:34-08:00,0,57
projects/projects.js,94,js,285f0054,TimothyMao,2025-02-07,14:15:34,-08:00,2025-02-07T14:15:34-08:00,0,32
projects/projects.js,95,js,9afc0431,TimothyMao,2025-02-07,14:40:55,-08:00,2025-02-07T14:40:55-08:00,0,2
projects/projects.js,96,js,9afc0431,TimothyMao,2025-02-07,14:40:55,-08:00,2025-02-07T14:40:55-08:00,0,0
projects/projects.js,97,js,9afc0431,TimothyMao,2025-02-07,14:40:55,-08:00,2025-02-07T14:40:55-08:00,0,16
projects/projects.js,98,js,9afc0431,TimothyMao,2025-02-07,14:40:55,-08:00,2025-02-07T14:40:55-08:00,0,24
projects/index.html,1,html,b74dd0a3,TimothyMao,2025-01-08,14:28:04,-08:00,2025-01-08T14:28:04-08:00,0,14
projects/index.html,2,html,b74dd0a3,TimothyMao,2025-01-08,14:28:04,-08:00,2025-01-08T14:28:04-08:00,0,15
projects/index.html,3,html,b74dd0a3,TimothyMao,2025-01-08,14:28:04,-08:00,2025-01-08T14:28:04-08:00,0,5
projects/index.html,4,html,b74dd0a3,TimothyMao,2025-01-08,14:28:04,-08:00,2025-01-08T14:28:04-08:00,0,21
projects/index.html,5,html,b74dd0a3,TimothyMao,2025-01-08,14:28:04,-08:00,2025-01-08T14:28:04-08:00,0,69
projects/index.html,6,html,4168e523,TimothyMao,2025-01-13,18:24:56,-08:00,2025-01-13T18:24:56-08:00,0,42
projects/index.html,7,html,6a640fae,TimothyMao,2025-01-30,17:27:53,-08:00,2025-01-30T17:27:53-08:00,0,51
projects/index.html,8,html,ad8043d2,TimothyMao,2025-01-30,18:09:50,-08:00,2025-01-30T18:09:50-08:00,0,48
projects/index.html,9,html,b74dd0a3,TimothyMao,2025-01-08,14:28:04,-08:00,2025-01-08T14:28:04-08:00,0,21
projects/index.html,10,html,b74dd0a3,TimothyMao,2025-01-08,14:28:04,-08:00,2025-01-08T14:28:04-08:00,0,6
projects/index.html,11,html,b74dd0a3,TimothyMao,2025-01-08,14:28:04,-08:00,2025-01-08T14:28:04-08:00,0,5
projects/index.html,12,html,8264ddc2,TimothyMao,2025-01-30,18:17:57,-08:00,2025-01-30T18:17:57-08:00,0,39
projects/index.html,13,html,03fc6b38,TimothyMao,2025-02-07,13:52:39,-08:00,2025-02-07T13:52:39-08:00,0,24
projects/index.html,14,html,03fc6b38,TimothyMao,2025-02-07,13:52:39,-08:00,2025-02-07T13:52:39-08:00,0,59
projects/index.html,15,html,03fc6b38,TimothyMao,2025-02-07,13:52:39,-08:00,2025-02-07T13:52:39-08:00,0,23
projects/index.html,16,html,03fc6b38,TimothyMao,2025-02-07,13:52:39,-08:00,2025-02-07T13:52:39-08:00,0,5
projects/index.html,17,html,60792172,TimothyMao,2025-02-07,14:06:54,-08:00,2025-02-07T14:06:54-08:00,0,5
projects/index.html,18,html,60792172,TimothyMao,2025-02-07,14:06:54,-08:00,2025-02-07T14:06:54-08:00,0,16
projects/index.html,19,html,60792172,TimothyMao,2025-02-07,14:06:54,-08:00,2025-02-07T14:06:54-08:00,0,12
projects/index.html,20,html,60792172,TimothyMao,2025-02-07,14:06:54,-08:00,2025-02-07T14:06:54-08:00,0,27
projects/index.html,21,html,60792172,TimothyMao,2025-02-07,14:06:54,-08:00,2025-02-07T14:06:54-08:00,0,32
projects/index.html,22,html,60792172,TimothyMao,2025-02-07,14:06:54,-08:00,2025-02-07T14:06:54-08:00,0,1
projects/index.html,23,html,77c65543,TimothyMao,2025-01-30,19:01:18,-08:00,2025-01-30T19:01:18-08:00,0,27
projects/index.html,24,html,b74dd0a3,TimothyMao,2025-01-08,14:28:04,-08:00,2025-01-08T14:28:04-08:00,0,6
projects/index.html,25,html,b74dd0a3,TimothyMao,2025-01-08,14:28:04,-08:00,2025-01-08T14:28:04-08:00,0,6
meta/main.js,1,js,17c8310e,TimothyMao,2025-02-14,14:06:11,-08:00,2025-02-14T14:06:11-08:00,0,13
meta/main.js,2,js,17c8310e,TimothyMao,2025-02-14,14:06:11,-08:00,2025-02-14T14:06:11-08:00,0,16
meta/main.js,3,js,232c20ef,TimothyMao,2025-02-14,15:25:11,-08:00,2025-02-14T15:25:11-08:00,0,10
meta/main.js,4,js,232c20ef,TimothyMao,2025-02-14,15:25:11,-08:00,2025-02-14T15:25:11-08:00,0,10
meta/main.js,5,js,d41db486,TimothyMao,2025-02-27,15:02:20,-08:00,2025-02-27T15:02:20-08:00,0,24
meta/main.js,6,js,7d29b72d,TimothyMao,2025-02-27,17:00:08,-08:00,2025-02-27T17:00:08-08:00,0,24
meta/main.js,7,js,7d29b72d,TimothyMao,2025-02-27,17:00:08,-08:00,2025-02-27T17:00:08-08:00,0,0
meta/main.js,8,js,232c20ef,TimothyMao,2025-02-14,15:25:11,-08:00,2025-02-14T15:25:11-08:00,0,0
meta/main.js,9,js,17c8310e,TimothyMao,2025-02-14,14:06:11,-08:00,2025-02-14T14:06:11-08:00,0,0
meta/main.js,10,js,17c8310e,TimothyMao,2025-02-14,14:06:11,-08:00,2025-02-14T14:06:11-08:00,0,26
meta/main.js,11,js,17c8310e,TimothyMao,2025-02-14,14:06:11,-08:00,2025-02-14T14:06:11-08:00,0,4
meta/main.js,12,js,17c8310e,TimothyMao,2025-02-14,14:06:11,-08:00,2025-02-14T14:06:11-08:00,0,43
meta/main.js,13,js,17c8310e,TimothyMao,2025-02-14,14:06:11,-08:00,2025-02-14T14:06:11-08:00,0,6
meta/main.js,14,js,17c8310e,TimothyMao,2025-02-14,14:06:11,-08:00,2025-02-14T14:06:11-08:00,0,22
meta/main.js,15,js,17c8310e,TimothyMao,2025-02-14,14:06:11,-08:00,2025-02-14T14:06:11-08:00,0,24
meta/main.js,16,js,17c8310e,TimothyMao,2025-02-14,14:06:11,-08:00,2025-02-14T14:06:11-08:00,0,26
meta/main.js,17,js,17c8310e,TimothyMao,2025-02-14,14:06:11,-08:00,2025-02-14T14:06:11-08:00,0,50
meta/main.js,18,js,17c8310e,TimothyMao,2025-02-14,14:06:11,-08:00,2025-02-14T14:06:11-08:00,0,32
meta/main.js,19,js,17c8310e,TimothyMao,2025-02-14,14:06:11,-08:00,2025-02-14T14:06:11-08:00,0,3
meta/main.js,20,js,17c8310e,TimothyMao,2025-02-14,14:06:11,-08:00,2025-02-14T14:06:11-08:00,0,0
meta/main.js,21,js,17c8310e,TimothyMao,2025-02-14,14:06:11,-08:00,2025-02-14T14:06:11-08:00,0,20
meta/main.js,22,js,17c8310e,TimothyMao,2025-02-14,14:06:11,-08:00,2025-02-14T14:06:11-08:00,0,48
meta/main.js,23,js,7d29b72d,TimothyMao,2025-02-27,17:00:08,-08:00,2025-02-27T17:00:08-08:00,0,0
meta/main.js,24,js,17c8310e,TimothyMao,2025-02-14,14:06:11,-08:00,2025-02-14T14:06:11-08:00,0,16
meta/main.js,25,js,17c8310e,TimothyMao,2025-02-14,14:06:11,-08:00,2025-02-14T14:06:11-08:00,0,43
meta/main.js,26,js,17c8310e,TimothyMao,2025-02-14,14:06:11,-08:00,2025-02-14T14:06:11-08:00,0,71
meta/main.js,27,js,17c8310e,TimothyMao,2025-02-14,14:06:11,-08:00,2025-02-14T14:06:11-08:00,0,0
meta/main.js,28,js,17c8310e,TimothyMao,2025-02-14,14:06:11,-08:00,2025-02-14T14:06:11-08:00,0,0
meta/main.js,29,js,17c8310e,TimothyMao,2025-02-14,14:06:11,-08:00,2025-02-14T14:06:11-08:00,0,0
meta/main.js,30,js,17c8310e,TimothyMao,2025-02-14,14:06:11,-08:00,2025-02-14T14:06:11-08:00,0,24
meta/main.js,31,js,17c8310e,TimothyMao,2025-02-14,14:06:11,-08:00,2025-02-14T14:06:11-08:00,0,23
meta/main.js,32,js,17c8310e,TimothyMao,2025-02-14,14:06:11,-08:00,2025-02-14T14:06:11-08:00,0,16
meta/main.js,33,js,17c8310e,TimothyMao,2025-02-14,14:06:11,-08:00,2025-02-14T14:06:11-08:00,0,0
meta/main.js,34,js,7d29b72d,TimothyMao,2025-02-27,17:00:08,-08:00,2025-02-27T17:00:08-08:00,0,62
meta/main.js,35,js,7d29b72d,TimothyMao,2025-02-27,17:00:08,-08:00,2025-02-27T17:00:08-08:00,0,29
meta/main.js,36,js,7d29b72d,TimothyMao,2025-02-27,17:00:08,-08:00,2025-02-27T17:00:08-08:00,0,43
meta/main.js,37,js,7d29b72d,TimothyMao,2025-02-27,17:00:08,-08:00,2025-02-27T17:00:08-08:00,0,16
meta/main.js,38,js,7d29b72d,TimothyMao,2025-02-27,17:00:08,-08:00,2025-02-27T17:00:08-08:00,0,0
meta/main.js,39,js,7d29b72d,TimothyMao,2025-02-27,17:00:08,-08:00,2025-02-27T17:00:08-08:00,0,46
meta/main.js,40,js,7d29b72d,TimothyMao,2025-02-27,17:00:08,-08:00,2025-02-27T17:00:08-08:00,0,52
meta/main.js,41,js,7d29b72d,TimothyMao,2025-02-27,17:00:08,-08:00,2025-02-27T17:00:08-08:00,0,0
meta/main.js,42,js,7d29b72d,TimothyMao,2025-02-27,17:00:08,-08:00,2025-02-27T17:00:08-08:00,0,29
meta/main.js,43,js,7d29b72d,TimothyMao,2025-02-27,17:00:08,-08:00,2025-02-27T17:00:08-08:00,0,41
meta/main.js,44,js,7d29b72d,TimothyMao,2025-02-27,17:00:08,-08:00,2025-02-27T17:00:08-08:00,0,0
meta/main.js,45,js,7d29b72d,TimothyMao,2025-02-27,17:00:08,-08:00,2025-02-27T17:00:08-08:00,0,47
meta/main.js,46,js,7d29b72d,TimothyMao,2025-02-27,17:00:08,-08:00,2025-02-27T17:00:08-08:00,0,47
meta/main.js,47,js,7d29b72d,TimothyMao,2025-02-27,17:00:08,-08:00,2025-02-27T17:00:08-08:00,0,0
meta/main.js,48,js,7d29b72d,TimothyMao,2025-02-27,17:00:08,-08:00,2025-02-27T17:00:08-08:00,0,49
meta/main.js,49,js,7d29b72d,TimothyMao,2025-02-27,17:00:08,-08:00,2025-02-27T17:00:08-08:00,0,61
meta/main.js,50,js,7d29b72d,TimothyMao,2025-02-27,17:00:08,-08:00,2025-02-27T17:00:08-08:00,0,13
meta/main.js,51,js,7d29b72d,TimothyMao,2025-02-27,17:00:08,-08:00,2025-02-27T17:00:08-08:00,0,14
meta/main.js,52,js,7d29b72d,TimothyMao,2025-02-27,17:00:08,-08:00,2025-02-27T17:00:08-08:00,0,15
meta/main.js,53,js,7d29b72d,TimothyMao,2025-02-27,17:00:08,-08:00,2025-02-27T17:00:08-08:00,0,15
meta/main.js,54,js,7d29b72d,TimothyMao,2025-02-27,17:00:08,-08:00,2025-02-27T17:00:08-08:00,0,17
meta/main.js,55,js,7d29b72d,TimothyMao,2025-02-27,17:00:08,-08:00,2025-02-27T17:00:08-08:00,0,11
meta/main.js,56,js,7d29b72d,TimothyMao,2025-02-27,17:00:08,-08:00,2025-02-27T17:00:08-08:00,0,2
meta/main.js,57,js,7d29b72d,TimothyMao,2025-02-27,17:00:08,-08:00,2025-02-27T17:00:08-08:00,0,0
meta/main.js,58,js,7d29b72d,TimothyMao,2025-02-27,17:00:08,-08:00,2025-02-27T17:00:08-08:00,0,0
meta/main.js,59,js,7d29b72d,TimothyMao,2025-02-27,17:00:08,-08:00,2025-02-27T17:00:08-08:00,0,30
meta/main.js,60,js,7d29b72d,TimothyMao,2025-02-27,17:00:08,-08:00,2025-02-27T17:00:08-08:00,0,57
meta/main.js,61,js,7d29b72d,TimothyMao,2025-02-27,17:00:08,-08:00,2025-02-27T17:00:08-08:00,0,61
meta/main.js,62,js,7d29b72d,TimothyMao,2025-02-27,17:00:08,-08:00,2025-02-27T17:00:08-08:00,0,55
meta/main.js,63,js,7d29b72d,TimothyMao,2025-02-27,17:00:08,-08:00,2025-02-27T17:00:08-08:00,0,0
meta/main.js,64,js,7d29b72d,TimothyMao,2025-02-27,17:00:08,-08:00,2025-02-27T17:00:08-08:00,0,20
meta/main.js,65,js,7d29b72d,TimothyMao,2025-02-27,17:00:08,-08:00,2025-02-27T17:00:08-08:00,0,19
meta/main.js,66,js,7d29b72d,TimothyMao,2025-02-27,17:00:08,-08:00,2025-02-27T17:00:08-08:00,0,0
meta/main.js,67,js,17c8310e,TimothyMao,2025-02-14,14:06:11,-08:00,2025-02-14T14:06:11-08:00,0,28
meta/main.js,68,js,17c8310e,TimothyMao,2025-02-14,14:06:11,-08:00,2025-02-14T14:06:11-08:00,0,30
meta/main.js,69,js,17c8310e,TimothyMao,2025-02-14,14:06:11,-08:00,2025-02-14T14:06:11-08:00,0,4
meta/main.js,70,js,17c8310e,TimothyMao,2025-02-14,14:06:11,-08:00,2025-02-14T14:06:11-08:00,0,31
meta/main.js,71,js,17c8310e,TimothyMao,2025-02-14,14:06:11,-08:00,2025-02-14T14:06:11-08:00,0,12
meta/main.js,72,js,17c8310e,TimothyMao,2025-02-14,14:06:11,-08:00,2025-02-14T14:06:11-08:00,0,1
meta/main.js,73,js,17c8310e,TimothyMao,2025-02-14,14:06:11,-08:00,2025-02-14T14:06:11-08:00,0,35
meta/main.js,74,js,17c8310e,TimothyMao,2025-02-14,14:06:11,-08:00,2025-02-14T14:06:11-08:00,0,59
meta/main.js,75,js,17c8310e,TimothyMao,2025-02-14,14:06:11,-08:00,2025-02-14T14:06:11-08:00,0,0
meta/main.js,76,js,17c8310e,TimothyMao,2025-02-14,14:06:11,-08:00,2025-02-14T14:06:11-08:00,0,37
meta/main.js,77,js,17c8310e,TimothyMao,2025-02-14,14:06:11,-08:00,2025-02-14T14:06:11-08:00,0,54
meta/main.js,78,js,17c8310e,TimothyMao,2025-02-14,14:06:11,-08:00,2025-02-14T14:06:11-08:00,0,0
meta/main.js,79,js,17c8310e,TimothyMao,2025-02-14,14:06:11,-08:00,2025-02-14T14:06:11-08:00,0,31
meta/main.js,80,js,17c8310e,TimothyMao,2025-02-14,14:06:11,-08:00,2025-02-14T14:06:11-08:00,0,4
meta/main.js,81,js,17c8310e,TimothyMao,2025-02-14,14:06:11,-08:00,2025-02-14T14:06:11-08:00,0,15
meta/main.js,82,js,17c8310e,TimothyMao,2025-02-14,14:06:11,-08:00,2025-02-14T14:06:11-08:00,0,71
meta/main.js,83,js,17c8310e,TimothyMao,2025-02-14,14:06:11,-08:00,2025-02-14T14:06:11-08:00,0,1
meta/main.js,84,js,17c8310e,TimothyMao,2025-02-14,14:06:11,-08:00,2025-02-14T14:06:11-08:00,0,0
meta/main.js,85,js,17c8310e,TimothyMao,2025-02-14,14:06:11,-08:00,2025-02-14T14:06:11-08:00,0,61
meta/main.js,86,js,17c8310e,TimothyMao,2025-02-14,14:06:11,-08:00,2025-02-14T14:06:11-08:00,0,0
meta/main.js,87,js,17c8310e,TimothyMao,2025-02-14,14:06:11,-08:00,2025-02-14T14:06:11-08:00,0,23
meta/main.js,88,js,17c8310e,TimothyMao,2025-02-14,14:06:11,-08:00,2025-02-14T14:06:11-08:00,0,66
meta/main.js,89,js,17c8310e,TimothyMao,2025-02-14,14:06:11,-08:00,2025-02-14T14:06:11-08:00,0,0
meta/main.js,90,js,17c8310e,TimothyMao,2025-02-14,14:06:11,-08:00,2025-02-14T14:06:11-08:00,0,26
meta/main.js,91,js,17c8310e,TimothyMao,2025-02-14,14:06:11,-08:00,2025-02-14T14:06:11-08:00,0,16
meta/main.js,92,js,17c8310e,TimothyMao,2025-02-14,14:06:11,-08:00,2025-02-14T14:06:11-08:00,0,0
meta/main.js,93,js,17c8310e,TimothyMao,2025-02-14,14:06:11,-08:00,2025-02-14T14:06:11-08:00,0,32
meta/main.js,94,js,17c8310e,TimothyMao,2025-02-14,14:06:11,-08:00,2025-02-14T14:06:11-08:00,0,34
meta/main.js,95,js,17c8310e,TimothyMao,2025-02-14,14:06:11,-08:00,2025-02-14T14:06:11-08:00,0,0
meta/main.js,96,js,17c8310e,TimothyMao,2025-02-14,14:06:11,-08:00,2025-02-14T14:06:11-08:00,0,23
meta/main.js,97,js,17c8310e,TimothyMao,2025-02-14,14:06:11,-08:00,2025-02-14T14:06:11-08:00,0,44
meta/main.js,98,js,17c8310e,TimothyMao,2025-02-14,14:06:11,-08:00,2025-02-14T14:06:11-08:00,0,51
meta/main.js,99,js,17c8310e,TimothyMao,2025-02-14,14:06:11,-08:00,2025-02-14T14:06:11-08:00,0,0
meta/main.js,100,js,17c8310e,TimothyMao,2025-02-14,14:06:11,-08:00,2025-02-14T14:06:11-08:00,0,0
meta/main.js,101,js,17c8310e,TimothyMao,2025-02-14,14:06:11,-08:00,2025-02-14T14:06:11-08:00,0,23
meta/main.js,102,js,17c8310e,TimothyMao,2025-02-14,14:06:11,-08:00,2025-02-14T14:06:11-08:00,0,44
meta/main.js,103,js,17c8310e,TimothyMao,2025-02-14,14:06:11,-08:00,2025-02-14T14:06:11-08:00,0,67
meta/main.js,104,js,17c8310e,TimothyMao,2025-02-14,14:06:11,-08:00,2025-02-14T14:06:11-08:00,0,0
meta/main.js,105,js,17c8310e,TimothyMao,2025-02-14,14:06:11,-08:00,2025-02-14T14:06:11-08:00,0,0
meta/main.js,106,js,17c8310e,TimothyMao,2025-02-14,14:06:11,-08:00,2025-02-14T14:06:11-08:00,0,15
meta/main.js,107,js,17c8310e,TimothyMao,2025-02-14,14:06:11,-08:00,2025-02-14T14:06:11-08:00,0,41
meta/main.js,108,js,17c8310e,TimothyMao,2025-02-14,14:06:11,-08:00,2025-02-14T14:06:11-08:00,0,31
meta/main.js,109,js,17c8310e,TimothyMao,2025-02-14,14:06:11,-08:00,2025-02-14T14:06:11-08:00,0,0
meta/main.js,110,js,17c8310e,TimothyMao,2025-02-14,14:06:11,-08:00,2025-02-14T14:06:11-08:00,0,0
meta/main.js,111,js,17c8310e,TimothyMao,2025-02-14,14:06:11,-08:00,2025-02-14T14:06:11-08:00,0,0
meta/main.js,112,js,e98ebe1d,TimothyMao,2025-02-14,14:14:50,-08:00,2025-02-14T14:14:50-08:00,0,0
meta/main.js,113,js,17c8310e,TimothyMao,2025-02-14,14:06:11,-08:00,2025-02-14T14:06:11-08:00,0,0
meta/main.js,114,js,17c8310e,TimothyMao,2025-02-14,14:06:11,-08:00,2025-02-14T14:06:11-08:00,0,26
meta/main.js,115,js,17c8310e,TimothyMao,2025-02-14,14:06:11,-08:00,2025-02-14T14:06:11-08:00,0,11
meta/main.js,116,js,17c8310e,TimothyMao,2025-02-14,14:06:11,-08:00,2025-02-14T14:06:11-08:00,0,29
meta/main.js,117,js,17c8310e,TimothyMao,2025-02-14,14:06:11,-08:00,2025-02-14T14:06:11-08:00,0,26
meta/main.js,118,js,17c8310e,TimothyMao,2025-02-14,14:06:11,-08:00,2025-02-14T14:06:11-08:00,0,20
meta/main.js,119,js,17c8310e,TimothyMao,2025-02-14,14:06:11,-08:00,2025-02-14T14:06:11-08:00,0,54
meta/main.js,120,js,17c8310e,TimothyMao,2025-02-14,14:06:11,-08:00,2025-02-14T14:06:11-08:00,0,10
meta/main.js,121,js,17c8310e,TimothyMao,2025-02-14,14:06:11,-08:00,2025-02-14T14:06:11-08:00,0,10
meta/main.js,122,js,34acea05,TimothyMao,2025-02-14,14:28:53,-08:00,2025-02-14T14:28:53-08:00,0,63
meta/main.js,123,js,17c8310e,TimothyMao,2025-02-14,14:06:11,-08:00,2025-02-14T14:06:11-08:00,0,6
meta/main.js,124,js,17c8310e,TimothyMao,2025-02-14,14:06:11,-08:00,2025-02-14T14:06:11-08:00,0,4
meta/main.js,125,js,17c8310e,TimothyMao,2025-02-14,14:06:11,-08:00,2025-02-14T14:06:11-08:00,0,4
meta/main.js,126,js,17c8310e,TimothyMao,2025-02-14,14:06:11,-08:00,2025-02-14T14:06:11-08:00,0,8
meta/main.js,127,js,17c8310e,TimothyMao,2025-02-14,14:06:11,-08:00,2025-02-14T14:06:11-08:00,0,8
meta/main.js,128,js,17c8310e,TimothyMao,2025-02-14,14:06:11,-08:00,2025-02-14T14:06:11-08:00,0,58
meta/main.js,129,js,17c8310e,TimothyMao,2025-02-14,14:06:11,-08:00,2025-02-14T14:06:11-08:00,0,24
meta/main.js,130,js,17c8310e,TimothyMao,2025-02-14,14:06:11,-08:00,2025-02-14T14:06:11-08:00,0,1
meta/main.js,131,js,17c8310e,TimothyMao,2025-02-14,14:06:11,-08:00,2025-02-14T14:06:11-08:00,0,0
meta/main.js,132,js,17c8310e,TimothyMao,2025-02-14,14:06:11,-08:00,2025-02-14T14:06:11-08:00,0,36
meta/main.js,133,js,17c8310e,TimothyMao,2025-02-14,14:06:11,-08:00,2025-02-14T14:06:11-08:00,0,12
meta/main.js,134,js,17c8310e,TimothyMao,2025-02-14,14:06:11,-08:00,2025-02-14T14:06:11-08:00,0,19
meta/main.js,135,js,17c8310e,TimothyMao,2025-02-14,14:06:11,-08:00,2025-02-14T14:06:11-08:00,0,15
meta/main.js,136,js,17c8310e,TimothyMao,2025-02-14,14:06:11,-08:00,2025-02-14T14:06:11-08:00,0,16
meta/main.js,137,js,17c8310e,TimothyMao,2025-02-14,14:06:11,-08:00,2025-02-14T14:06:11-08:00,0,39
meta/main.js,138,js,17c8310e,TimothyMao,2025-02-14,14:06:11,-08:00,2025-02-14T14:06:11-08:00,0,54
meta/main.js,139,js,17c8310e,TimothyMao,2025-02-14,14:06:11,-08:00,2025-02-14T14:06:11-08:00,0,2
meta/main.js,140,js,17c8310e,TimothyMao,2025-02-14,14:06:11,-08:00,2025-02-14T14:06:11-08:00,0,0
meta/main.js,141,js,17c8310e,TimothyMao,2025-02-14,14:06:11,-08:00,2025-02-14T14:06:11-08:00,0,10
meta/main.js,142,js,17c8310e,TimothyMao,2025-02-14,14:06:11,-08:00,2025-02-14T14:06:11-08:00,0,2
meta/main.js,143,js,17c8310e,TimothyMao,2025-02-14,14:06:11,-08:00,2025-02-14T14:06:11-08:00,0,0
meta/main.js,144,js,17c8310e,TimothyMao,2025-02-14,14:06:11,-08:00,2025-02-14T14:06:11-08:00,0,0
meta/main.js,145,js,e5a50f5a,TimothyMao,2025-02-14,14:45:00,-08:00,2025-02-14T14:45:00-08:00,0,29
meta/main.js,146,js,e5a50f5a,TimothyMao,2025-02-14,14:45:00,-08:00,2025-02-14T14:45:00-08:00,0,18
meta/main.js,147,js,e5a50f5a,TimothyMao,2025-02-14,14:45:00,-08:00,2025-02-14T14:45:00-08:00,0,18
meta/main.js,148,js,e5a50f5a,TimothyMao,2025-02-14,14:45:00,-08:00,2025-02-14T14:45:00-08:00,0,59
meta/main.js,149,js,e5a50f5a,TimothyMao,2025-02-14,14:45:00,-08:00,2025-02-14T14:45:00-08:00,0,0
meta/main.js,150,js,e5a50f5a,TimothyMao,2025-02-14,14:45:00,-08:00,2025-02-14T14:45:00-08:00,0,19
meta/main.js,151,js,e5a50f5a,TimothyMao,2025-02-14,14:45:00,-08:00,2025-02-14T14:45:00-08:00,0,15
meta/main.js,152,js,e5a50f5a,TimothyMao,2025-02-14,14:45:00,-08:00,2025-02-14T14:45:00-08:00,0,27
meta/main.js,153,js,e5a50f5a,TimothyMao,2025-02-14,14:45:00,-08:00,2025-02-14T14:45:00-08:00,0,30
meta/main.js,154,js,e5a50f5a,TimothyMao,2025-02-14,14:45:00,-08:00,2025-02-14T14:45:00-08:00,0,17
meta/main.js,155,js,e5a50f5a,TimothyMao,2025-02-14,14:45:00,-08:00,2025-02-14T14:45:00-08:00,0,41
meta/main.js,156,js,e5a50f5a,TimothyMao,2025-02-14,14:45:00,-08:00,2025-02-14T14:45:00-08:00,0,43
meta/main.js,157,js,e5a50f5a,TimothyMao,2025-02-14,14:45:00,-08:00,2025-02-14T14:45:00-08:00,0,1
meta/main.js,158,js,e5a50f5a,TimothyMao,2025-02-14,14:45:00,-08:00,2025-02-14T14:45:00-08:00,0,0
meta/main.js,159,js,7d29b72d,TimothyMao,2025-02-27,17:00:08,-08:00,2025-02-27T17:00:08-08:00,0,0
meta/main.js,160,js,e5a50f5a,TimothyMao,2025-02-14,14:45:00,-08:00,2025-02-14T14:45:00-08:00,0,12
meta/main.js,161,js,e5a50f5a,TimothyMao,2025-02-14,14:45:00,-08:00,2025-02-14T14:45:00-08:00,0,13
meta/main.js,162,js,e5a50f5a,TimothyMao,2025-02-14,14:45:00,-08:00,2025-02-14T14:45:00-08:00,0,16
meta/main.js,163,js,e5a50f5a,TimothyMao,2025-02-14,14:45:00,-08:00,2025-02-14T14:45:00-08:00,0,13
meta/main.js,164,js,e5a50f5a,TimothyMao,2025-02-14,14:45:00,-08:00,2025-02-14T14:45:00-08:00,0,41
meta/main.js,165,js,e5a50f5a,TimothyMao,2025-02-14,14:45:00,-08:00,2025-02-14T14:45:00-08:00,0,29
meta/main.js,166,js,e5a50f5a,TimothyMao,2025-02-14,14:45:00,-08:00,2025-02-14T14:45:00-08:00,0,0
meta/main.js,167,js,e5a50f5a,TimothyMao,2025-02-14,14:45:00,-08:00,2025-02-14T14:45:00-08:00,0,15
meta/main.js,168,js,1c06089d,TimothyMao,2025-02-14,15:32:18,-08:00,2025-02-14T15:32:18-08:00,0,10
meta/main.js,169,js,e5a50f5a,TimothyMao,2025-02-14,14:45:00,-08:00,2025-02-14T14:45:00-08:00,0,11
meta/main.js,170,js,e5a50f5a,TimothyMao,2025-02-14,14:45:00,-08:00,2025-02-14T14:45:00-08:00,0,45
meta/main.js,171,js,e5a50f5a,TimothyMao,2025-02-14,14:45:00,-08:00,2025-02-14T14:45:00-08:00,0,42
meta/main.js,172,js,e5a50f5a,TimothyMao,2025-02-14,14:45:00,-08:00,2025-02-14T14:45:00-08:00,0,7
meta/main.js,173,js,e5a50f5a,TimothyMao,2025-02-14,14:45:00,-08:00,2025-02-14T14:45:00-08:00,0,0
meta/main.js,174,js,1c06089d,TimothyMao,2025-02-14,15:32:18,-08:00,2025-02-14T15:32:18-08:00,0,10
meta/main.js,175,js,e5a50f5a,TimothyMao,2025-02-14,14:45:00,-08:00,2025-02-14T14:45:00-08:00,0,13
meta/main.js,176,js,e5a50f5a,TimothyMao,2025-02-14,14:45:00,-08:00,2025-02-14T14:45:00-08:00,0,15
meta/main.js,177,js,e5a50f5a,TimothyMao,2025-02-14,14:45:00,-08:00,2025-02-14T14:45:00-08:00,0,43
meta/main.js,178,js,e5a50f5a,TimothyMao,2025-02-14,14:45:00,-08:00,2025-02-14T14:45:00-08:00,0,0
meta/main.js,179,js,e5a50f5a,TimothyMao,2025-02-14,14:45:00,-08:00,2025-02-14T14:45:00-08:00,0,68
meta/main.js,180,js,e5a50f5a,TimothyMao,2025-02-14,14:45:00,-08:00,2025-02-14T14:45:00-08:00,0,16
meta/main.js,181,js,e5a50f5a,TimothyMao,2025-02-14,14:45:00,-08:00,2025-02-14T14:45:00-08:00,0,11
meta/main.js,182,js,e5a50f5a,TimothyMao,2025-02-14,14:45:00,-08:00,2025-02-14T14:45:00-08:00,0,28
meta/main.js,183,js,e5a50f5a,TimothyMao,2025-02-14,14:45:00,-08:00,2025-02-14T14:45:00-08:00,0,15
meta/main.js,184,js,e5a50f5a,TimothyMao,2025-02-14,14:45:00,-08:00,2025-02-14T14:45:00-08:00,0,0
meta/main.js,185,js,e5a50f5a,TimothyMao,2025-02-14,14:45:00,-08:00,2025-02-14T14:45:00-08:00,0,22
meta/main.js,186,js,e5a50f5a,TimothyMao,2025-02-14,14:45:00,-08:00,2025-02-14T14:45:00-08:00,0,60
meta/main.js,187,js,e5a50f5a,TimothyMao,2025-02-14,14:45:00,-08:00,2025-02-14T14:45:00-08:00,0,0
meta/main.js,188,js,e5a50f5a,TimothyMao,2025-02-14,14:45:00,-08:00,2025-02-14T14:45:00-08:00,0,35
meta/main.js,189,js,e5a50f5a,TimothyMao,2025-02-14,14:45:00,-08:00,2025-02-14T14:45:00-08:00,0,50
meta/main.js,190,js,e5a50f5a,TimothyMao,2025-02-14,14:45:00,-08:00,2025-02-14T14:45:00-08:00,0,0
meta/main.js,191,js,e5a50f5a,TimothyMao,2025-02-14,14:45:00,-08:00,2025-02-14T14:45:00-08:00,0,3
meta/main.js,192,js,e5a50f5a,TimothyMao,2025-02-14,14:45:00,-08:00,2025-02-14T14:45:00-08:00,0,19
meta/main.js,193,js,e5a50f5a,TimothyMao,2025-02-14,14:45:00,-08:00,2025-02-14T14:45:00-08:00,0,19
meta/main.js,194,js,e5a50f5a,TimothyMao,2025-02-14,14:45:00,-08:00,2025-02-14T14:45:00-08:00,0,14
meta/main.js,195,js,e5a50f5a,TimothyMao,2025-02-14,14:45:00,-08:00,2025-02-14T14:45:00-08:00,0,37
meta/main.js,196,js,e5a50f5a,TimothyMao,2025-02-14,14:45:00,-08:00,2025-02-14T14:45:00-08:00,0,37
meta/main.js,197,js,e5a50f5a,TimothyMao,2025-02-14,14:45:00,-08:00,2025-02-14T14:45:00-08:00,0,38
meta/main.js,198,js,e5a50f5a,TimothyMao,2025-02-14,14:45:00,-08:00,2025-02-14T14:45:00-08:00,0,25
meta/main.js,199,js,e5a50f5a,TimothyMao,2025-02-14,14:45:00,-08:00,2025-02-14T14:45:00-08:00,0,26
meta/main.js,200,js,e5a50f5a,TimothyMao,2025-02-14,14:45:00,-08:00,2025-02-14T14:45:00-08:00,0,37
meta/main.js,201,js,e5a50f5a,TimothyMao,2025-02-14,14:45:00,-08:00,2025-02-14T14:45:00-08:00,0,55
meta/main.js,202,js,d41db486,TimothyMao,2025-02-27,15:02:20,-08:00,2025-02-27T15:02:20-08:00,0,71
meta/main.js,203,js,e5a50f5a,TimothyMao,2025-02-14,14:45:00,-08:00,2025-02-14T14:45:00-08:00,0,23
meta/main.js,204,js,54a55904,TimothyMao,2025-02-14,14:33:26,-08:00,2025-02-14T14:33:26-08:00,0,29
meta/main.js,205,js,54a55904,TimothyMao,2025-02-14,14:33:26,-08:00,2025-02-14T14:33:26-08:00,0,28
meta/main.js,206,js,54a55904,TimothyMao,2025-02-14,14:33:26,-08:00,2025-02-14T14:33:26-08:00,0,1
meta/main.js,207,js,d41db486,TimothyMao,2025-02-27,15:02:20,-08:00,2025-02-27T15:02:20-08:00,0,30
meta/main.js,208,js,e5a50f5a,TimothyMao,2025-02-14,14:45:00,-08:00,2025-02-14T14:45:00-08:00,0,42
meta/main.js,209,js,d41db486,TimothyMao,2025-02-27,15:02:20,-08:00,2025-02-27T15:02:20-08:00,0,56
meta/main.js,210,js,54a55904,TimothyMao,2025-02-14,14:33:26,-08:00,2025-02-14T14:33:26-08:00,0,30
meta/main.js,211,js,34acea05,TimothyMao,2025-02-14,14:28:53,-08:00,2025-02-14T14:28:53-08:00,0,2
meta/main.js,212,js,e98ebe1d,TimothyMao,2025-02-14,14:14:50,-08:00,2025-02-14T14:14:50-08:00,0,0
meta/main.js,213,js,e5a50f5a,TimothyMao,2025-02-14,14:45:00,-08:00,2025-02-14T14:45:00-08:00,0,15
meta/main.js,214,js,e5a50f5a,TimothyMao,2025-02-14,14:45:00,-08:00,2025-02-14T14:45:00-08:00,0,20
meta/main.js,215,js,e5a50f5a,TimothyMao,2025-02-14,14:45:00,-08:00,2025-02-14T14:45:00-08:00,0,11
meta/main.js,216,js,e5a50f5a,TimothyMao,2025-02-14,14:45:00,-08:00,2025-02-14T14:45:00-08:00,0,26
meta/main.js,217,js,e5a50f5a,TimothyMao,2025-02-14,14:45:00,-08:00,2025-02-14T14:45:00-08:00,0,54
meta/main.js,218,js,e5a50f5a,TimothyMao,2025-02-14,14:45:00,-08:00,2025-02-14T14:45:00-08:00,0,0
meta/main.js,219,js,e5a50f5a,TimothyMao,2025-02-14,14:45:00,-08:00,2025-02-14T14:45:00-08:00,0,14
meta/main.js,220,js,e5a50f5a,TimothyMao,2025-02-14,14:45:00,-08:00,2025-02-14T14:45:00-08:00,0,18
meta/main.js,221,js,e5a50f5a,TimothyMao,2025-02-14,14:45:00,-08:00,2025-02-14T14:45:00-08:00,0,14
meta/main.js,222,js,e5a50f5a,TimothyMao,2025-02-14,14:45:00,-08:00,2025-02-14T14:45:00-08:00,0,27
meta/main.js,223,js,e5a50f5a,TimothyMao,2025-02-14,14:45:00,-08:00,2025-02-14T14:45:00-08:00,0,1
meta/main.js,224,js,e5a50f5a,TimothyMao,2025-02-14,14:45:00,-08:00,2025-02-14T14:45:00-08:00,0,0
meta/main.js,225,js,e5a50f5a,TimothyMao,2025-02-14,14:45:00,-08:00,2025-02-14T14:45:00-08:00,0,10
meta/main.js,226,js,e5a50f5a,TimothyMao,2025-02-14,14:45:00,-08:00,2025-02-14T14:45:00-08:00,0,35
meta/main.js,227,js,e5a50f5a,TimothyMao,2025-02-14,14:45:00,-08:00,2025-02-14T14:45:00-08:00,0,15
meta/main.js,228,js,e5a50f5a,TimothyMao,2025-02-14,14:45:00,-08:00,2025-02-14T14:45:00-08:00,0,16
meta/main.js,229,js,e5a50f5a,TimothyMao,2025-02-14,14:45:00,-08:00,2025-02-14T14:45:00-08:00,0,59
meta/main.js,230,js,e5a50f5a,TimothyMao,2025-02-14,14:45:00,-08:00,2025-02-14T14:45:00-08:00,0,0
meta/main.js,231,js,e5a50f5a,TimothyMao,2025-02-14,14:45:00,-08:00,2025-02-14T14:45:00-08:00,0,2
meta/main.js,232,js,e5a50f5a,TimothyMao,2025-02-14,14:45:00,-08:00,2025-02-14T14:45:00-08:00,0,11
meta/main.js,233,js,e5a50f5a,TimothyMao,2025-02-14,14:45:00,-08:00,2025-02-14T14:45:00-08:00,0,21
meta/main.js,234,js,e5a50f5a,TimothyMao,2025-02-14,14:45:00,-08:00,2025-02-14T14:45:00-08:00,0,55
meta/main.js,235,js,e5a50f5a,TimothyMao,2025-02-14,14:45:00,-08:00,2025-02-14T14:45:00-08:00,0,12
meta/main.js,236,js,e5a50f5a,TimothyMao,2025-02-14,14:45:00,-08:00,2025-02-14T14:45:00-08:00,0,0
meta/main.js,237,js,e5a50f5a,TimothyMao,2025-02-14,14:45:00,-08:00,2025-02-14T14:45:00-08:00,0,2
meta/main.js,238,js,e5a50f5a,TimothyMao,2025-02-14,14:45:00,-08:00,2025-02-14T14:45:00-08:00,0,11
meta/main.js,239,js,e5a50f5a,TimothyMao,2025-02-14,14:45:00,-08:00,2025-02-14T14:45:00-08:00,0,21
meta/main.js,240,js,e5a50f5a,TimothyMao,2025-02-14,14:45:00,-08:00,2025-02-14T14:45:00-08:00,0,53
meta/main.js,241,js,e5a50f5a,TimothyMao,2025-02-14,14:45:00,-08:00,2025-02-14T14:45:00-08:00,0,12
meta/main.js,242,js,34acea05,TimothyMao,2025-02-14,14:28:53,-08:00,2025-02-14T14:28:53-08:00,0,0
meta/main.js,243,js,e98ebe1d,TimothyMao,2025-02-14,14:14:50,-08:00,2025-02-14T14:14:50-08:00,0,0
meta/main.js,244,js,7d29b72d,TimothyMao,2025-02-27,17:00:08,-08:00,2025-02-27T17:00:08-08:00,0,0
meta/main.js,245,js,34acea05,TimothyMao,2025-02-14,14:28:53,-08:00,2025-02-14T14:28:53-08:00,0,38
meta/main.js,246,js,34acea05,TimothyMao,2025-02-14,14:28:53,-08:00,2025-02-14T14:28:53-08:00,0,51
meta/main.js,247,js,34acea05,TimothyMao,2025-02-14,14:28:53,-08:00,2025-02-14T14:28:53-08:00,0,51
meta/main.js,248,js,34acea05,TimothyMao,2025-02-14,14:28:53,-08:00,2025-02-14T14:28:53-08:00,0,51
meta/main.js,249,js,34acea05,TimothyMao,2025-02-14,14:28:53,-08:00,2025-02-14T14:28:53-08:00,0,55
meta/main.js,250,js,34acea05,TimothyMao,2025-02-14,14:28:53,-08:00,2025-02-14T14:28:53-08:00,0,53
meta/main.js,251,js,34acea05,TimothyMao,2025-02-14,14:28:53,-08:00,2025-02-14T14:28:53-08:00,0,44
meta/main.js,252,js,34acea05,TimothyMao,2025-02-14,14:28:53,-08:00,2025-02-14T14:28:53-08:00,0,0
meta/main.js,253,js,34acea05,TimothyMao,2025-02-14,14:28:53,-08:00,2025-02-14T14:28:53-08:00,0,44
meta/main.js,254,js,34acea05,TimothyMao,2025-02-14,14:28:53,-08:00,2025-02-14T14:28:53-08:00,0,0
meta/main.js,255,js,34acea05,TimothyMao,2025-02-14,14:28:53,-08:00,2025-02-14T14:28:53-08:00,0,22
meta/main.js,256,js,34acea05,TimothyMao,2025-02-14,14:28:53,-08:00,2025-02-14T14:28:53-08:00,0,28
meta/main.js,257,js,34acea05,TimothyMao,2025-02-14,14:28:53,-08:00,2025-02-14T14:28:53-08:00,0,57
meta/main.js,258,js,34acea05,TimothyMao,2025-02-14,14:28:53,-08:00,2025-02-14T14:28:53-08:00,0,16
meta/main.js,259,js,34acea05,TimothyMao,2025-02-14,14:28:53,-08:00,2025-02-14T14:28:53-08:00,0,2
meta/main.js,260,js,34acea05,TimothyMao,2025-02-14,14:28:53,-08:00,2025-02-14T14:28:53-08:00,0,56
meta/main.js,261,js,34acea05,TimothyMao,2025-02-14,14:28:53,-08:00,2025-02-14T14:28:53-08:00,0,34
meta/main.js,262,js,34acea05,TimothyMao,2025-02-14,14:28:53,-08:00,2025-02-14T14:28:53-08:00,0,37
meta/main.js,263,js,34acea05,TimothyMao,2025-02-14,14:28:53,-08:00,2025-02-14T14:28:53-08:00,0,0
meta/main.js,264,js,e98ebe1d,TimothyMao,2025-02-14,14:14:50,-08:00,2025-02-14T14:14:50-08:00,0,0
meta/main.js,265,js,e98ebe1d,TimothyMao,2025-02-14,14:14:50,-08:00,2025-02-14T14:14:50-08:00,0,0
meta/main.js,266,js,232c20ef,TimothyMao,2025-02-14,15:25:11,-08:00,2025-02-14T15:25:11-08:00,0,0
meta/main.js,267,js,54a55904,TimothyMao,2025-02-14,14:33:26,-08:00,2025-02-14T14:33:26-08:00,0,0
meta/main.js,268,js,54a55904,TimothyMao,2025-02-14,14:33:26,-08:00,2025-02-14T14:33:26-08:00,0,44
meta/main.js,269,js,54a55904,TimothyMao,2025-02-14,14:33:26,-08:00,2025-02-14T14:33:26-08:00,0,57
meta/main.js,270,js,54a55904,TimothyMao,2025-02-14,14:33:26,-08:00,2025-02-14T14:33:26-08:00,0,27
meta/main.js,271,js,54a55904,TimothyMao,2025-02-14,14:33:26,-08:00,2025-02-14T14:33:26-08:00,0,0
meta/main.js,272,js,54a55904,TimothyMao,2025-02-14,14:33:26,-08:00,2025-02-14T14:33:26-08:00,0,0
meta/main.js,273,js,54a55904,TimothyMao,2025-02-14,14:33:26,-08:00,2025-02-14T14:33:26-08:00,0,38
meta/main.js,274,js,54a55904,TimothyMao,2025-02-14,14:33:26,-08:00,2025-02-14T14:33:26-08:00,0,57
meta/main.js,275,js,54a55904,TimothyMao,2025-02-14,14:33:26,-08:00,2025-02-14T14:33:26-08:00,0,41
meta/main.js,276,js,54a55904,TimothyMao,2025-02-14,14:33:26,-08:00,2025-02-14T14:33:26-08:00,0,40
meta/main.js,277,js,232c20ef,TimothyMao,2025-02-14,15:25:11,-08:00,2025-02-14T15:25:11-08:00,0,0
meta/main.js,278,js,1c06089d,TimothyMao,2025-02-14,15:32:18,-08:00,2025-02-14T15:32:18-08:00,0,25
meta/main.js,279,js,232c20ef,TimothyMao,2025-02-14,15:25:11,-08:00,2025-02-14T15:25:11-08:00,0,0
meta/main.js,280,js,232c20ef,TimothyMao,2025-02-14,15:25:11,-08:00,2025-02-14T15:25:11-08:00,0,25
meta/main.js,281,js,232c20ef,TimothyMao,2025-02-14,15:25:11,-08:00,2025-02-14T15:25:11-08:00,0,41
meta/main.js,282,js,232c20ef,TimothyMao,2025-02-14,15:25:11,-08:00,2025-02-14T15:25:11-08:00,0,62
meta/main.js,283,js,232c20ef,TimothyMao,2025-02-14,15:25:11,-08:00,2025-02-14T15:25:11-08:00,0,55
meta/main.js,284,js,232c20ef,TimothyMao,2025-02-14,15:25:11,-08:00,2025-02-14T15:25:11-08:00,0,0
meta/main.js,285,js,232c20ef,TimothyMao,2025-02-14,15:25:11,-08:00,2025-02-14T15:25:11-08:00,0,0
meta/main.js,286,js,1c06089d,TimothyMao,2025-02-14,15:32:18,-08:00,2025-02-14T15:32:18-08:00,0,0
meta/main.js,287,js,232c20ef,TimothyMao,2025-02-14,15:25:11,-08:00,2025-02-14T15:25:11-08:00,0,0
meta/main.js,288,js,d41db486,TimothyMao,2025-02-27,15:02:20,-08:00,2025-02-27T15:02:20-08:00,0,22
meta/main.js,289,js,d41db486,TimothyMao,2025-02-27,15:02:20,-08:00,2025-02-27T15:02:20-08:00,0,36
meta/main.js,290,js,d41db486,TimothyMao,2025-02-27,15:02:20,-08:00,2025-02-27T15:02:20-08:00,0,32
meta/main.js,291,js,d41db486,TimothyMao,2025-02-27,15:02:20,-08:00,2025-02-27T15:02:20-08:00,0,3
meta/main.js,292,js,d41db486,TimothyMao,2025-02-27,15:02:20,-08:00,2025-02-27T15:02:20-08:00,0,29
meta/main.js,293,js,d41db486,TimothyMao,2025-02-27,15:02:20,-08:00,2025-02-27T15:02:20-08:00,0,62
meta/main.js,294,js,d41db486,TimothyMao,2025-02-27,15:02:20,-08:00,2025-02-27T15:02:20-08:00,0,62
meta/main.js,295,js,d41db486,TimothyMao,2025-02-27,15:02:20,-08:00,2025-02-27T15:02:20-08:00,0,27
meta/main.js,296,js,d41db486,TimothyMao,2025-02-27,15:02:20,-08:00,2025-02-27T15:02:20-08:00,0,31
meta/main.js,297,js,d41db486,TimothyMao,2025-02-27,15:02:20,-08:00,2025-02-27T15:02:20-08:00,0,0
meta/main.js,298,js,d41db486,TimothyMao,2025-02-27,15:02:20,-08:00,2025-02-27T15:02:20-08:00,0,59
meta/main.js,299,js,d41db486,TimothyMao,2025-02-27,15:02:20,-08:00,2025-02-27T15:02:20-08:00,0,2
meta/main.js,300,js,232c20ef,TimothyMao,2025-02-14,15:25:11,-08:00,2025-02-14T15:25:11-08:00,0,17
meta/main.js,301,js,232c20ef,TimothyMao,2025-02-14,15:25:11,-08:00,2025-02-14T15:25:11-08:00,0,22
meta/main.js,302,js,232c20ef,TimothyMao,2025-02-14,15:25:11,-08:00,2025-02-14T15:25:11-08:00,0,25
meta/main.js,303,js,d41db486,TimothyMao,2025-02-27,15:02:20,-08:00,2025-02-27T15:02:20-08:00,0,0
meta/main.js,304,js,232c20ef,TimothyMao,2025-02-14,15:25:11,-08:00,2025-02-14T15:25:11-08:00,0,0
meta/main.js,305,js,d41db486,TimothyMao,2025-02-27,15:02:20,-08:00,2025-02-27T15:02:20-08:00,0,34
meta/main.js,306,js,d41db486,TimothyMao,2025-02-27,15:02:20,-08:00,2025-02-27T15:02:20-08:00,0,39
meta/main.js,307,js,d41db486,TimothyMao,2025-02-27,15:02:20,-08:00,2025-02-27T15:02:20-08:00,0,0
meta/main.js,308,js,232c20ef,TimothyMao,2025-02-14,15:25:11,-08:00,2025-02-14T15:25:11-08:00,0,0
meta/main.js,309,js,232c20ef,TimothyMao,2025-02-14,15:25:11,-08:00,2025-02-14T15:25:11-08:00,0,0
meta/main.js,310,js,232c20ef,TimothyMao,2025-02-14,15:25:11,-08:00,2025-02-14T15:25:11-08:00,0,27
meta/main.js,311,js,232c20ef,TimothyMao,2025-02-14,15:25:11,-08:00,2025-02-14T15:25:11-08:00,0,48
meta/main.js,312,js,232c20ef,TimothyMao,2025-02-14,15:25:11,-08:00,2025-02-14T15:25:11-08:00,0,70
meta/main.js,313,js,232c20ef,TimothyMao,2025-02-14,15:25:11,-08:00,2025-02-14T15:25:11-08:00,0,0
meta/main.js,314,js,232c20ef,TimothyMao,2025-02-14,15:25:11,-08:00,2025-02-14T15:25:11-08:00,0,0
meta/main.js,315,js,232c20ef,TimothyMao,2025-02-14,15:25:11,-08:00,2025-02-14T15:25:11-08:00,0,32
meta/main.js,316,js,232c20ef,TimothyMao,2025-02-14,15:25:11,-08:00,2025-02-14T15:25:11-08:00,0,37
meta/main.js,317,js,232c20ef,TimothyMao,2025-02-14,15:25:11,-08:00,2025-02-14T15:25:11-08:00,0,33
meta/main.js,318,js,232c20ef,TimothyMao,2025-02-14,15:25:11,-08:00,2025-02-14T15:25:11-08:00,0,4
meta/main.js,319,js,232c20ef,TimothyMao,2025-02-14,15:25:11,-08:00,2025-02-14T15:25:11-08:00,0,0
meta/main.js,320,js,232c20ef,TimothyMao,2025-02-14,15:25:11,-08:00,2025-02-14T15:25:11-08:00,0,63
meta/main.js,321,js,232c20ef,TimothyMao,2025-02-14,15:25:11,-08:00,2025-02-14T15:25:11-08:00,0,29
meta/main.js,322,js,232c20ef,TimothyMao,2025-02-14,15:25:11,-08:00,2025-02-14T15:25:11-08:00,0,29
meta/main.js,323,js,232c20ef,TimothyMao,2025-02-14,15:25:11,-08:00,2025-02-14T15:25:11-08:00,0,19
meta/main.js,324,js,232c20ef,TimothyMao,2025-02-14,15:25:11,-08:00,2025-02-14T15:25:11-08:00,0,0
meta/main.js,325,js,232c20ef,TimothyMao,2025-02-14,15:25:11,-08:00,2025-02-14T15:25:11-08:00,0,22
meta/main.js,326,js,232c20ef,TimothyMao,2025-02-14,15:25:11,-08:00,2025-02-14T15:25:11-08:00,0,0
meta/main.js,327,js,232c20ef,TimothyMao,2025-02-14,15:25:11,-08:00,2025-02-14T15:25:11-08:00,0,0
meta/main.js,328,js,232c20ef,TimothyMao,2025-02-14,15:25:11,-08:00,2025-02-14T15:25:11-08:00,0,0
meta/main.js,329,js,232c20ef,TimothyMao,2025-02-14,15:25:11,-08:00,2025-02-14T15:25:11-08:00,0,35
meta/main.js,330,js,232c20ef,TimothyMao,2025-02-14,15:25:11,-08:00,2025-02-14T15:25:11-08:00,0,63
meta/main.js,331,js,7d29b72d,TimothyMao,2025-02-27,17:00:08,-08:00,2025-02-27T17:00:08-08:00,0,65
meta/main.js,332,js,7d29b72d,TimothyMao,2025-02-27,17:00:08,-08:00,2025-02-27T17:00:08-08:00,0,0
meta/main.js,333,js,7d29b72d,TimothyMao,2025-02-27,17:00:08,-08:00,2025-02-27T17:00:08-08:00,0,88
meta/main.js,334,js,232c20ef,TimothyMao,2025-02-14,15:25:11,-08:00,2025-02-14T15:25:11-08:00,0,34
meta/main.js,335,js,7d29b72d,TimothyMao,2025-02-27,17:00:08,-08:00,2025-02-27T17:00:08-08:00,0,52
meta/main.js,336,js,7d29b72d,TimothyMao,2025-02-27,17:00:08,-08:00,2025-02-27T17:00:08-08:00,0,94
meta/main.js,337,js,7d29b72d,TimothyMao,2025-02-27,17:00:08,-08:00,2025-02-27T17:00:08-08:00,0,63
meta/main.js,338,js,232c20ef,TimothyMao,2025-02-14,15:25:11,-08:00,2025-02-14T15:25:11-08:00,0,0
meta/main.js,339,js,d41db486,TimothyMao,2025-02-27,15:02:20,-08:00,2025-02-27T15:02:20-08:00,0,0
meta/main.js,340,js,7d29b72d,TimothyMao,2025-02-27,17:00:08,-08:00,2025-02-27T17:00:08-08:00,0,68
meta/main.js,341,js,7d29b72d,TimothyMao,2025-02-27,17:00:08,-08:00,2025-02-27T17:00:08-08:00,0,70
meta/main.js,342,js,7d29b72d,TimothyMao,2025-02-27,17:00:08,-08:00,2025-02-27T17:00:08-08:00,0,0
meta/main.js,343,js,d41db486,TimothyMao,2025-02-27,15:02:20,-08:00,2025-02-27T15:02:20-08:00,0,53
meta/main.js,344,js,232c20ef,TimothyMao,2025-02-14,15:25:11,-08:00,2025-02-14T15:25:11-08:00,0,0
meta/main.js,345,js,232c20ef,TimothyMao,2025-02-14,15:25:11,-08:00,2025-02-14T15:25:11-08:00,0,43
meta/main.js,346,js,232c20ef,TimothyMao,2025-02-14,15:25:11,-08:00,2025-02-14T15:25:11-08:00,0,27
meta/main.js,347,js,232c20ef,TimothyMao,2025-02-14,15:25:11,-08:00,2025-02-14T15:25:11-08:00,0,5
meta/main.js,348,js,232c20ef,TimothyMao,2025-02-14,15:25:11,-08:00,2025-02-14T15:25:11-08:00,0,15
meta/main.js,349,js,232c20ef,TimothyMao,2025-02-14,15:25:11,-08:00,2025-02-14T15:25:11-08:00,0,12
meta/main.js,350,js,232c20ef,TimothyMao,2025-02-14,15:25:11,-08:00,2025-02-14T15:25:11-08:00,0,1
meta/main.js,351,js,232c20ef,TimothyMao,2025-02-14,15:25:11,-08:00,2025-02-14T15:25:11-08:00,0,0
meta/main.js,352,js,232c20ef,TimothyMao,2025-02-14,15:25:11,-08:00,2025-02-14T15:25:11-08:00,0,27
meta/main.js,353,js,232c20ef,TimothyMao,2025-02-14,15:25:11,-08:00,2025-02-14T15:25:11-08:00,0,24
meta/main.js,354,js,232c20ef,TimothyMao,2025-02-14,15:25:11,-08:00,2025-02-14T15:25:11-08:00,0,0
meta/main.js,355,js,232c20ef,TimothyMao,2025-02-14,15:25:11,-08:00,2025-02-14T15:25:11-08:00,0,43
meta/main.js,356,js,232c20ef,TimothyMao,2025-02-14,15:25:11,-08:00,2025-02-14T15:25:11-08:00,0,39
meta/main.js,357,js,232c20ef,TimothyMao,2025-02-14,15:25:11,-08:00,2025-02-14T15:25:11-08:00,0,47
meta/main.js,358,js,232c20ef,TimothyMao,2025-02-14,15:25:11,-08:00,2025-02-14T15:25:11-08:00,0,0
meta/main.js,359,js,232c20ef,TimothyMao,2025-02-14,15:25:11,-08:00,2025-02-14T15:25:11-08:00,0,23
meta/main.js,360,js,7d29b72d,TimothyMao,2025-02-27,17:00:08,-08:00,2025-02-27T17:00:08-08:00,0,19
meta/main.js,361,js,7d29b72d,TimothyMao,2025-02-27,17:00:08,-08:00,2025-02-27T17:00:08-08:00,0,37
meta/main.js,362,js,7d29b72d,TimothyMao,2025-02-27,17:00:08,-08:00,2025-02-27T17:00:08-08:00,0,1
meta/main.js,363,js,232c20ef,TimothyMao,2025-02-14,15:25:11,-08:00,2025-02-14T15:25:11-08:00,0,0
meta/main.js,364,js,232c20ef,TimothyMao,2025-02-14,15:25:11,-08:00,2025-02-14T15:25:11-08:00,0,0
meta/main.js,365,js,232c20ef,TimothyMao,2025-02-14,15:25:11,-08:00,2025-02-14T15:25:11-08:00,0,16
meta/main.js,366,js,232c20ef,TimothyMao,2025-02-14,15:25:11,-08:00,2025-02-14T15:25:11-08:00,0,0
meta/main.js,367,js,7d29b72d,TimothyMao,2025-02-27,17:00:08,-08:00,2025-02-27T17:00:08-08:00,0,0
meta/main.js,368,js,232c20ef,TimothyMao,2025-02-14,15:25:11,-08:00,2025-02-14T15:25:11-08:00,0,0
meta/main.js,369,js,232c20ef,TimothyMao,2025-02-14,15:25:11,-08:00,2025-02-14T15:25:11-08:00,0,58
meta/main.js,370,js,232c20ef,TimothyMao,2025-02-14,15:25:11,-08:00,2025-02-14T15:25:11-08:00,0,16
meta/main.js,371,js,232c20ef,TimothyMao,2025-02-14,15:25:11,-08:00,2025-02-14T15:25:11-08:00,0,19
meta/main.js,372,js,232c20ef,TimothyMao,2025-02-14,15:25:11,-08:00,2025-02-14T15:25:11-08:00,0,15
meta/main.js,373,js,232c20ef,TimothyMao,2025-02-14,15:25:11,-08:00,2025-02-14T15:25:11-08:00,0,2
meta/index.html,1,html,fcc3b16b,TimothyMao,2025-02-14,13:03:35,-08:00,2025-02-14T13:03:35-08:00,0,14
meta/index.html,2,html,fcc3b16b,TimothyMao,2025-02-14,13:03:35,-08:00,2025-02-14T13:03:35-08:00,0,15
meta/index.html,3,html,fcc3b16b,TimothyMao,2025-02-14,13:03:35,-08:00,2025-02-14T13:03:35-08:00,0,5
meta/index.html,4,html,fcc3b16b,TimothyMao,2025-02-14,13:03:35,-08:00,2025-02-14T13:03:35-08:00,0,21
meta/index.html,5,html,fcc3b16b,TimothyMao,2025-02-14,13:03:35,-08:00,2025-02-14T13:03:35-08:00,0,69
meta/index.html,6,html,fcc3b16b,TimothyMao,2025-02-14,13:03:35,-08:00,2025-02-14T13:03:35-08:00,0,42
meta/index.html,7,html,fcc3b16b,TimothyMao,2025-02-14,13:03:35,-08:00,2025-02-14T13:03:35-08:00,0,49
meta/index.html,8,html,17c8310e,TimothyMao,2025-02-14,14:06:11,-08:00,2025-02-14T14:06:11-08:00,0,52
meta/index.html,9,html,232c20ef,TimothyMao,2025-02-14,15:25:11,-08:00,2025-02-14T15:25:11-08:00,0,44
meta/index.html,10,html,fcc3b16b,TimothyMao,2025-02-14,13:03:35,-08:00,2025-02-14T13:03:35-08:00,0,18
meta/index.html,11,html,fcc3b16b,TimothyMao,2025-02-14,13:03:35,-08:00,2025-02-14T13:03:35-08:00,0,6
meta/index.html,12,html,fcc3b16b,TimothyMao,2025-02-14,13:03:35,-08:00,2025-02-14T13:03:35-08:00,0,5
meta/index.html,13,html,fcc3b16b,TimothyMao,2025-02-14,13:03:35,-08:00,2025-02-14T13:03:35-08:00,0,12
meta/index.html,14,html,17c8310e,TimothyMao,2025-02-14,14:06:11,-08:00,2025-02-14T14:06:11-08:00,0,62
meta/index.html,15,html,17c8310e,TimothyMao,2025-02-14,14:06:11,-08:00,2025-02-14T14:06:11-08:00,0,23
meta/index.html,16,html,17c8310e,TimothyMao,2025-02-14,14:06:11,-08:00,2025-02-14T14:06:11-08:00,0,8
meta/index.html,17,html,17c8310e,TimothyMao,2025-02-14,14:06:11,-08:00,2025-02-14T14:06:11-08:00,0,15
meta/index.html,18,html,17c8310e,TimothyMao,2025-02-14,14:06:11,-08:00,2025-02-14T14:06:11-08:00,0,21
meta/index.html,19,html,17c8310e,TimothyMao,2025-02-14,14:06:11,-08:00,2025-02-14T14:06:11-08:00,0,9
meta/index.html,20,html,fcc3b16b,TimothyMao,2025-02-14,13:03:35,-08:00,2025-02-14T13:03:35-08:00,0,6
meta/index.html,21,html,7d29b72d,TimothyMao,2025-02-27,17:00:08,-08:00,2025-02-27T17:00:08-08:00,0,18
meta/index.html,22,html,7d29b72d,TimothyMao,2025-02-27,17:00:08,-08:00,2025-02-27T17:00:08-08:00,0,24
meta/index.html,23,html,7d29b72d,TimothyMao,2025-02-27,17:00:08,-08:00,2025-02-27T17:00:08-08:00,0,18
meta/index.html,24,html,7d29b72d,TimothyMao,2025-02-27,17:00:08,-08:00,2025-02-27T17:00:08-08:00,0,66
meta/index.html,25,html,7d29b72d,TimothyMao,2025-02-27,17:00:08,-08:00,2025-02-27T17:00:08-08:00,0,36
meta/index.html,26,html,7d29b72d,TimothyMao,2025-02-27,17:00:08,-08:00,2025-02-27T17:00:08-08:00,0,7
meta/index.html,27,html,7d29b72d,TimothyMao,2025-02-27,17:00:08,-08:00,2025-02-27T17:00:08-08:00,0,5
meta/index.html,28,html,e98ebe1d,TimothyMao,2025-02-14,14:14:50,-08:00,2025-02-14T14:14:50-08:00,0,30
meta/index.html,29,html,e98ebe1d,TimothyMao,2025-02-14,14:14:50,-08:00,2025-02-14T14:14:50-08:00,0,21
meta/index.html,30,html,34acea05,TimothyMao,2025-02-14,14:28:53,-08:00,2025-02-14T14:28:53-08:00,0,44
meta/index.html,31,html,34acea05,TimothyMao,2025-02-14,14:28:53,-08:00,2025-02-14T14:28:53-08:00,0,14
meta/index.html,32,html,34acea05,TimothyMao,2025-02-14,14:28:53,-08:00,2025-02-14T14:28:53-08:00,0,3
meta/index.html,33,html,34acea05,TimothyMao,2025-02-14,14:28:53,-08:00,2025-02-14T14:28:53-08:00,0,47
meta/index.html,34,html,34acea05,TimothyMao,2025-02-14,14:28:53,-08:00,2025-02-14T14:28:53-08:00,0,4
meta/index.html,35,html,34acea05,TimothyMao,2025-02-14,14:28:53,-08:00,2025-02-14T14:28:53-08:00,0,0
meta/index.html,36,html,34acea05,TimothyMao,2025-02-14,14:28:53,-08:00,2025-02-14T14:28:53-08:00,0,12
meta/index.html,37,html,34acea05,TimothyMao,2025-02-14,14:28:53,-08:00,2025-02-14T14:28:53-08:00,0,25
meta/index.html,38,html,34acea05,TimothyMao,2025-02-14,14:28:53,-08:00,2025-02-14T14:28:53-08:00,0,0
meta/index.html,39,html,34acea05,TimothyMao,2025-02-14,14:28:53,-08:00,2025-02-14T14:28:53-08:00,0,12
meta/index.html,40,html,34acea05,TimothyMao,2025-02-14,14:28:53,-08:00,2025-02-14T14:28:53-08:00,0,25
meta/index.html,41,html,34acea05,TimothyMao,2025-02-14,14:28:53,-08:00,2025-02-14T14:28:53-08:00,0,0
meta/index.html,42,html,34acea05,TimothyMao,2025-02-14,14:28:53,-08:00,2025-02-14T14:28:53-08:00,0,14
meta/index.html,43,html,34acea05,TimothyMao,2025-02-14,14:28:53,-08:00,2025-02-14T14:28:53-08:00,0,27
meta/index.html,44,html,34acea05,TimothyMao,2025-02-14,14:28:53,-08:00,2025-02-14T14:28:53-08:00,0,20
meta/index.html,45,html,34acea05,TimothyMao,2025-02-14,14:28:53,-08:00,2025-02-14T14:28:53-08:00,0,26
meta/index.html,46,html,34acea05,TimothyMao,2025-02-14,14:28:53,-08:00,2025-02-14T14:28:53-08:00,0,4
meta/index.html,47,html,232c20ef,TimothyMao,2025-02-14,15:25:11,-08:00,2025-02-14T15:25:11-08:00,0,46
meta/index.html,48,html,232c20ef,TimothyMao,2025-02-14,15:25:11,-08:00,2025-02-14T15:25:11-08:00,0,46
meta/index.html,49,html,fcc3b16b,TimothyMao,2025-02-14,13:03:35,-08:00,2025-02-14T13:03:35-08:00,0,6
meta/index.html,50,html,fcc3b16b,TimothyMao,2025-02-14,13:03:35,-08:00,2025-02-14T13:03:35-08:00,0,6
contact/index.html,1,html,b74dd0a3,TimothyMao,2025-01-08,14:28:04,-08:00,2025-01-08T14:28:04-08:00,0,14
contact/index.html,2,html,b74dd0a3,TimothyMao,2025-01-08,14:28:04,-08:00,2025-01-08T14:28:04-08:00,0,15
contact/index.html,3,html,b74dd0a3,TimothyMao,2025-01-08,14:28:04,-08:00,2025-01-08T14:28:04-08:00,0,5
contact/index.html,4,html,b74dd0a3,TimothyMao,2025-01-08,14:28:04,-08:00,2025-01-08T14:28:04-08:00,0,21
contact/index.html,5,html,b74dd0a3,TimothyMao,2025-01-08,14:28:04,-08:00,2025-01-08T14:28:04-08:00,0,69
contact/index.html,6,html,4168e523,TimothyMao,2025-01-13,18:24:56,-08:00,2025-01-13T18:24:56-08:00,0,42
contact/index.html,7,html,6a640fae,TimothyMao,2025-01-30,17:27:53,-08:00,2025-01-30T17:27:53-08:00,0,51
contact/index.html,8,html,b74dd0a3,TimothyMao,2025-01-08,14:28:04,-08:00,2025-01-08T14:28:04-08:00,0,21
contact/index.html,9,html,b74dd0a3,TimothyMao,2025-01-08,14:28:04,-08:00,2025-01-08T14:28:04-08:00,0,6
contact/index.html,10,html,b74dd0a3,TimothyMao,2025-01-08,14:28:04,-08:00,2025-01-08T14:28:04-08:00,0,5
contact/index.html,11,html,c313e45a,TimothyMao,2025-01-22,16:02:39,-08:00,2025-01-22T16:02:39-08:00,0,18
contact/index.html,12,html,fd338ac2,TimothyMao,2025-01-09,22:27:44,-08:00,2025-01-09T22:27:44-08:00,0,73
contact/index.html,13,html,0749d829,TimothyMao,2025-01-08,14:39:39,-08:00,2025-01-08T14:39:39-08:00,0,32
contact/index.html,14,html,0749d829,TimothyMao,2025-01-08,14:39:39,-08:00,2025-01-08T14:39:39-08:00,0,32
contact/index.html,15,html,0749d829,TimothyMao,2025-01-08,14:39:39,-08:00,2025-01-08T14:39:39-08:00,0,0
contact/index.html,16,html,0749d829,TimothyMao,2025-01-08,14:39:39,-08:00,2025-01-08T14:39:39-08:00,0,36
contact/index.html,17,html,0749d829,TimothyMao,2025-01-08,14:39:39,-08:00,2025-01-08T14:39:39-08:00,0,21
contact/index.html,18,html,0749d829,TimothyMao,2025-01-08,14:39:39,-08:00,2025-01-08T14:39:39-08:00,0,0
contact/index.html,19,html,0749d829,TimothyMao,2025-01-08,14:39:39,-08:00,2025-01-08T14:39:39-08:00,0,30
contact/index.html,20,html,0749d829,TimothyMao,2025-01-08,14:39:39,-08:00,2025-01-08T14:39:39-08:00,0,32
contact/index.html,21,html,0749d829,TimothyMao,2025-01-08,14:39:39,-08:00,2025-01-08T14:39:39-08:00,0,0
contact/index.html,22,html,0749d829,TimothyMao,2025-01-08,14:39:39,-08:00,2025-01-08T14:39:39-08:00,0,22
contact/index.html,23,html,0749d829,TimothyMao,2025-01-08,14:39:39,-08:00,2025-01-08T14:39:39-08:00,0,6
contact/index.html,24,html,b74dd0a3,TimothyMao,2025-01-08,14:28:04,-08:00,2025-01-08T14:28:04-08:00,0,6
contact/index.html,25,html,b74dd0a3,TimothyMao,2025-01-08,14:28:04,-08:00,2025-01-08T14:28:04-08:00,0,6
